time	V(vo_op)
0.000000000000000e+000	4.499994e+000
5.937913226178369e-008	4.499994e+000
1.187582645235674e-007	4.500007e+000
1.781373967853511e-007	4.500034e+000
2.375165290471348e-007	4.500073e+000
2.968956613089185e-007	4.500126e+000
3.562747935707021e-007	4.500192e+000
4.156539258324857e-007	4.500272e+000
5.219624034783151e-007	4.500464e+000
6.370082757436243e-007	4.500737e+000
7.675093728619732e-007	4.501125e+000
9.365607519197397e-007	4.501750e+000
1.144624482852178e-006	4.502694e+000
1.414146148972949e-006	4.504190e+000
1.752972134950416e-006	4.506481e+000
2.194043070779091e-006	4.510092e+000
2.760422129390348e-006	4.515683e+000
3.506132951501676e-006	4.524511e+000
4.485718614609461e-006	4.538340e+000
5.802360401793925e-006	4.560348e+000
7.592692609389658e-006	4.595453e+000
1.011555552763926e-005	4.652723e+000
1.385342266844780e-005	4.749113e+000
2.013931233399036e-005	4.926895e+000
2.859665233192515e-005	5.177396e+000
3.836227733192516e-005	5.467755e+000
4.812790233192516e-005	5.750095e+000
5.789352733192516e-005	6.020432e+000
6.619465794990041e-005	6.239155e+000
7.500389726839434e-005	6.459017e+000
8.476952226839433e-005	6.688506e+000
9.453514726839433e-005	6.902477e+000
1.043007722683943e-004	7.099909e+000
1.140663972683943e-004	7.280269e+000
1.238320222683943e-004	7.443084e+000
1.335976472683943e-004	7.587905e+000
1.433632722683943e-004	7.714354e+000
1.531288972683943e-004	7.822151e+000
1.628945222683944e-004	7.911092e+000
1.726601472683944e-004	7.981039e+000
1.824257722683944e-004	8.031915e+000
1.921913972683944e-004	8.063714e+000
2.019570222683944e-004	8.076492e+000
2.117226472683944e-004	8.070374e+000
2.214882722683944e-004	8.045547e+000
2.312538972683944e-004	8.002267e+000
2.410195222683944e-004	7.940852e+000
2.507851472683944e-004	7.861687e+000
2.605507722683944e-004	7.765217e+000
2.703163972683944e-004	7.651950e+000
2.800820222683945e-004	7.522454e+000
2.898476472683945e-004	7.377354e+000
2.996132722683945e-004	7.217320e+000
3.093788972683945e-004	7.043044e+000
3.191445222683945e-004	6.855267e+000
3.289101472683945e-004	6.654823e+000
3.386757722683945e-004	6.442602e+000
3.484413972683945e-004	6.219515e+000
3.582070222683945e-004	5.986505e+000
3.679726472683945e-004	5.744540e+000
3.777382722683945e-004	5.494607e+000
3.875038972683946e-004	5.237701e+000
3.972695222683946e-004	4.974850e+000
4.070351472683946e-004	4.707161e+000
4.168007722683946e-004	4.435824e+000
4.265663972683946e-004	4.162029e+000
4.363320222683946e-004	3.886909e+000
4.460976472683946e-004	3.611585e+000
4.558632722683946e-004	3.337197e+000
4.641061161518860e-004	3.107424e+000
4.726574255284670e-004	2.871511e+000
4.798669036006259e-004	2.674812e+000
4.877378928687326e-004	2.462999e+000
4.975035178687327e-004	2.204883e+000
5.072691428687327e-004	1.952816e+000
5.170347678687327e-004	1.708093e+000
5.268003928687327e-004	1.471715e+000
5.365660178687327e-004	1.244716e+000
5.380043630966554e-004	1.211360e+000
5.394427083245781e-004	1.178361e+000
5.408810535525009e-004	1.145719e+000
5.423193987804235e-004	1.113435e+000
5.437577440083462e-004	1.081509e+000
5.451960892362689e-004	1.049940e+000
5.466344344641917e-004	1.018728e+000
5.469396102454417e-004	1.012151e+000
5.475499618079417e-004	9.990517e-001
5.487706649329417e-004	9.730139e-001
5.502863493808304e-004	9.409235e-001
5.518725864107041e-004	9.076216e-001
5.527217455715653e-004	8.899447e-001
5.533788772019481e-004	8.763385e-001
5.540650034938470e-004	8.621817e-001
5.549822840073401e-004	8.440077e-001
5.556882987067767e-004	8.325386e-001
5.566231305973057e-004	8.215698e-001
5.574984454801855e-004	8.132737e-001
5.584215879998020e-004	8.053518e-001
5.602678730390349e-004	7.903337e-001
5.633423616245628e-004	7.640014e-001
5.666486134474926e-004	7.293854e-001
5.704881141554526e-004	6.786540e-001
5.761823274635244e-004	5.920802e-001
5.820862945219061e-004	4.980274e-001
5.900066014790934e-004	3.772917e-001
5.941970081952315e-004	3.285741e-001
5.984183217261242e-004	3.014828e-001
6.024191835172640e-004	2.898298e-001
6.066646169594058e-004	2.838877e-001
6.110857328698576e-004	2.802512e-001
6.189629620566119e-004	2.762993e-001
6.287285870566119e-004	2.734442e-001
6.384942120566119e-004	2.719377e-001
6.482598370566120e-004	2.711508e-001
6.580254620566120e-004	2.707184e-001
6.775567120566120e-004	2.703534e-001
6.970879620566120e-004	2.702951e-001
7.166192120566120e-004	2.705745e-001
7.361504620566120e-004	2.719979e-001
7.459160870566120e-004	2.740226e-001
7.556817120566120e-004	2.784726e-001
7.654473370566121e-004	2.893340e-001
7.752129620566121e-004	3.159897e-001
7.819474408631575e-004	3.614248e-001
7.899613562652261e-004	4.601373e-001
7.974706432497587e-004	5.869090e-001
8.040747679928612e-004	7.130550e-001
8.072105352893590e-004	7.676724e-001
8.096345525574856e-004	7.985826e-001
8.120394204648905e-004	8.201450e-001
8.135382750516305e-004	8.323543e-001
8.146642886390665e-004	8.440314e-001
8.158353310138548e-004	8.595853e-001
8.168472976533742e-004	8.746411e-001
8.178099569759906e-004	8.900318e-001
8.186243045273687e-004	9.038187e-001
8.193417075076575e-004	9.165315e-001
8.200901464793340e-004	9.303291e-001
8.211184467991237e-004	9.499989e-001
8.223225988234072e-004	9.739153e-001
8.235388665765673e-004	9.990288e-001
8.250554517328611e-004	1.031442e+000
8.263223614611178e-004	1.059373e+000
8.302984126304596e-004	1.151362e+000
8.346505350340434e-004	1.258010e+000
8.433547798412110e-004	1.481064e+000
8.531204048412110e-004	1.741999e+000
8.628860298412110e-004	2.012624e+000
8.726516548412110e-004	2.291258e+000
8.824172798412110e-004	2.576555e+000
8.921829048412110e-004	2.867359e+000
9.019485298412110e-004	3.162605e+000
9.117141548412110e-004	3.461259e+000
9.214797798412110e-004	3.762301e+000
9.312454048412110e-004	4.064692e+000
9.410110298412111e-004	4.367293e+000
9.507766548412111e-004	4.668881e+000
9.605422798412111e-004	4.968271e+000
9.703079048412111e-004	5.264363e+000
9.800735298412110e-004	5.556032e+000
9.898391548412110e-004	5.842200e+000
9.982870916897071e-004	6.084383e+000
1.005754437893775e-003	6.293648e+000
1.013658433873735e-003	6.509816e+000
1.023424058873735e-003	6.769308e+000
1.033189683873735e-003	7.019736e+000
1.042955308873735e-003	7.259715e+000
1.052720933873735e-003	7.488340e+000
1.062486558873735e-003	7.704699e+000
1.072252183873735e-003	7.907924e+000
1.082017808873735e-003	8.097307e+000
1.085733451696233e-003	8.158772e+000
1.087722117106163e-003	8.181667e+000
1.089671577821001e-003	8.195857e+000
1.091673793758804e-003	8.206103e+000
1.093620823147880e-003	8.213733e+000
1.095878448640997e-003	8.221169e+000
1.098105414547983e-003	8.227394e+000
1.100514363591402e-003	8.233243e+000
1.103198353746253e-003	8.239035e+000
1.108566334055955e-003	8.249073e+000
1.113698315575905e-003	8.256975e+000
1.121487596571113e-003	8.266506e+000
1.129060963135320e-003	8.273702e+000
1.138826588135320e-003	8.280624e+000
1.148592213135320e-003	8.285753e+000
1.158357838135320e-003	8.289448e+000
1.168123463135320e-003	8.292054e+000
1.187654713135320e-003	8.294688e+000
1.207185963135320e-003	8.294284e+000
1.226717213135320e-003	8.290558e+000
1.236482838135320e-003	8.287053e+000
1.246248463135320e-003	8.281982e+000
1.256014088135320e-003	8.274703e+000
1.265779713135320e-003	8.264224e+000
1.275545338135320e-003	8.249124e+000
1.285310963135320e-003	8.226593e+000
1.293835196705025e-003	8.196524e+000
1.300080659784420e-003	8.162107e+000
1.303800602342870e-003	8.127961e+000
1.307327937682958e-003	8.079935e+000
1.310790818495117e-003	8.020727e+000
1.315652987320430e-003	7.925218e+000
1.321793256612675e-003	7.792029e+000
1.330919700144843e-003	7.578617e+000
1.340685325144843e-003	7.337157e+000
1.350450950144843e-003	7.084620e+000
1.360216575144843e-003	6.822741e+000
1.369982200144843e-003	6.552766e+000
1.379747825144843e-003	6.275809e+000
1.389513450144843e-003	5.992921e+000
1.399279075144843e-003	5.705138e+000
1.409044700144843e-003	5.413482e+000
1.418810325144843e-003	5.118970e+000
1.428575950144843e-003	4.822680e+000
1.438341575144843e-003	4.525789e+000
1.448107200144843e-003	4.229517e+000
1.457872825144843e-003	3.935017e+000
1.467638450144843e-003	3.643379e+000
1.477404075144843e-003	3.355591e+000
1.485842211826330e-003	3.111255e+000
1.494658341033255e-003	2.860909e+000
1.501636469128721e-003	2.666623e+000
1.509308842678893e-003	2.457740e+000
1.519074467678893e-003	2.198881e+000
1.528840092678893e-003	1.948561e+000
1.538605717678893e-003	1.708182e+000
1.548371342678893e-003	1.478662e+000
1.558136967678893e-003	1.260937e+000
1.567902592678893e-003	1.054066e+000
1.572301258165235e-003	9.645464e-001
1.572327951621213e-003	9.640325e-001
1.572577090543677e-003	9.591588e-001
1.572861820740779e-003	9.535904e-001
1.573431281134983e-003	9.424919e-001
1.574570201923391e-003	9.204184e-001
1.575431049968044e-003	9.038684e-001
1.576180255610816e-003	8.895742e-001
1.577209218921728e-003	8.700708e-001
1.578313495464588e-003	8.494048e-001
1.579151938042108e-003	8.354216e-001
1.579899424758866e-003	8.262973e-001
1.580649474008039e-003	8.195608e-001
1.581547094127671e-003	8.123872e-001
1.582784009779037e-003	8.032873e-001
1.584980812681971e-003	7.879911e-001
1.587094151705966e-003	7.730566e-001
1.590457167443668e-003	7.452846e-001
1.594266938602083e-003	7.051332e-001
1.598719637465292e-003	6.490010e-001
1.606501988496086e-003	5.437170e-001
1.613687196292571e-003	4.490147e-001
1.621911170305298e-003	3.560246e-001
1.627192956873715e-003	3.177150e-001
1.633774410901858e-003	2.958143e-001
1.637749802489959e-003	2.897779e-001
1.643443192023610e-003	2.852598e-001
1.651089473792224e-003	2.813463e-001
1.660855098792224e-003	2.783246e-001
1.670620723792224e-003	2.766325e-001
1.680386348792224e-003	2.758259e-001
1.699917598792224e-003	2.761278e-001
1.709683223792224e-003	2.773858e-001
1.719448848792224e-003	2.798801e-001
1.729214473792224e-003	2.847159e-001
1.738980098792224e-003	2.947436e-001
1.748745723792224e-003	3.174362e-001
1.757289782137518e-003	3.626171e-001
1.766408053637899e-003	4.502265e-001
1.775879753838667e-003	5.778293e-001
1.784006711668364e-003	7.031357e-001
1.788663889909199e-003	7.696348e-001
1.791545316654300e-003	7.995392e-001
1.794555827914401e-003	8.209189e-001
1.796301200306019e-003	8.320763e-001
1.797366502048364e-003	8.409539e-001
1.798877256365366e-003	8.576472e-001
1.800151686635512e-003	8.738512e-001
1.801401474322255e-003	8.913196e-001
1.802385085323663e-003	9.060486e-001
1.803254191326380e-003	9.197732e-001
1.804135110678761e-003	9.342805e-001
1.805188203199545e-003	9.523824e-001
1.807078860955862e-003	9.863049e-001
1.808572032436739e-003	1.014241e+000
1.810252607907519e-003	1.046930e+000
1.812076559397702e-003	1.083550e+000
1.818059510178213e-003	1.211466e+000
1.825945688580540e-003	1.391080e+000
1.835711313580540e-003	1.624769e+000
1.845476938580540e-003	1.869511e+000
1.855242563580540e-003	2.124182e+000
1.865008188580540e-003	2.387555e+000
1.874773813580540e-003	2.658530e+000
1.884539438580540e-003	2.936055e+000
1.894305063580540e-003	3.219102e+000
1.904070688580540e-003	3.506650e+000
1.913836313580540e-003	3.797684e+000
1.923601938580540e-003	4.091155e+000
1.933367563580540e-003	4.385915e+000
1.943133188580540e-003	4.680740e+000
1.952898813580540e-003	4.974447e+000
1.962664438580540e-003	5.265930e+000
1.972430063580540e-003	5.554047e+000
1.982195688580540e-003	5.837650e+000
1.990741734434573e-003	6.081204e+000
1.998232901943552e-003	6.290472e+000
2.006480207882170e-003	6.516004e+000
2.015713001685074e-003	6.762120e+000
2.025478626685074e-003	7.014284e+000
2.035244251685073e-003	7.256998e+000
2.045009876685073e-003	7.489218e+000
2.054775501685073e-003	7.709992e+000
2.064541126685073e-003	7.918411e+000
2.074306751685072e-003	8.110764e+000
2.078044052462142e-003	8.170141e+000
2.080112756991815e-003	8.191339e+000
2.082152354195981e-003	8.204168e+000
2.083613498970626e-003	8.210846e+000
2.085733658961391e-003	8.218715e+000
2.087821589948624e-003	8.225266e+000
2.090848049523642e-003	8.233291e+000
2.094859852517028e-003	8.242537e+000
2.098514693916035e-003	8.249700e+000
2.102924192867315e-003	8.256984e+000
2.108704868671561e-003	8.264967e+000
2.117061002720532e-003	8.274066e+000
2.126826627720532e-003	8.282026e+000
2.136592252720532e-003	8.287863e+000
2.146357877720532e-003	8.292173e+000
2.156123502720531e-003	8.295372e+000
2.175654752720531e-003	8.299276e+000
2.195186002720530e-003	8.300484e+000
2.214717252720530e-003	8.299126e+000
2.234248502720530e-003	8.294740e+000
2.244014127720529e-003	8.290989e+000
2.253779752720529e-003	8.285701e+000
2.263545377720529e-003	8.278172e+000
2.273311002720529e-003	8.267284e+000
2.281769680190011e-003	8.253975e+000
2.289386060704422e-003	8.238161e+000
2.294457027496655e-003	8.224088e+000
2.299438613326378e-003	8.205379e+000
2.304578929255680e-003	8.179924e+000
2.308122330631367e-003	8.155254e+000
2.310497086412538e-003	8.130738e+000
2.312676330478925e-003	8.099884e+000
2.316196051064213e-003	8.039394e+000
2.319877854406112e-003	7.966795e+000
2.325813112977980e-003	7.836253e+000
2.333090861696048e-003	7.662986e+000
2.342856486696048e-003	7.416105e+000
2.352622111696047e-003	7.158062e+000
2.362387736696047e-003	6.890599e+000
2.372153361696047e-003	6.615260e+000
2.381918986696047e-003	6.333231e+000
2.391684611696047e-003	6.045605e+000
2.401450236696046e-003	5.753424e+000
2.411215861696046e-003	5.457717e+000
2.420981486696046e-003	5.159503e+000
2.430747111696046e-003	4.859842e+000
2.440512736696046e-003	4.559902e+000
2.450278361696045e-003	4.260904e+000
2.460043986696045e-003	3.964008e+000
2.469809611696045e-003	3.670304e+000
2.479575236696045e-003	3.380957e+000
2.489340861696044e-003	3.097140e+000
2.498192706600915e-003	2.845356e+000
2.505220442479134e-003	2.649783e+000
2.512971934663653e-003	2.439167e+000
2.522737559663652e-003	2.181251e+000
2.532503184663652e-003	1.932293e+000
2.542268809663652e-003	1.693686e+000
2.552034434663652e-003	1.466333e+000
2.561800059663652e-003	1.251153e+000
2.571565684663651e-003	1.046936e+000
2.575409118267138e-003	9.697828e-001
2.575412675741484e-003	9.697163e-001
2.575585467352563e-003	9.663704e-001
2.575758258963641e-003	9.630295e-001
2.575931050574719e-003	9.596935e-001
2.576103842185798e-003	9.563626e-001
2.576276633796876e-003	9.530366e-001
2.576449425407955e-003	9.497156e-001
2.576622217019033e-003	9.463996e-001
2.577836501595710e-003	9.231876e-001
2.578719189599471e-003	9.064547e-001
2.579450723857298e-003	8.927035e-001
2.580028186443041e-003	8.819016e-001
2.581479969467281e-003	8.549542e-001
2.582426698558353e-003	8.387460e-001
2.583179970628770e-003	8.288372e-001
2.583988909746341e-003	8.211462e-001
2.584989359346375e-003	8.130707e-001
2.586033547957487e-003	8.055559e-001
2.588121925179711e-003	7.916354e-001
2.590408495810792e-003	7.758277e-001
2.594306519644090e-003	7.435240e-001
2.599457563072600e-003	6.891057e-001
2.604233778877567e-003	6.295263e-001
2.611843376006361e-003	5.293193e-001
2.619784243601678e-003	4.299675e-001
2.627633743875110e-003	3.494232e-001
2.633314167216115e-003	3.139119e-001
2.639933009211151e-003	2.955359e-001
2.644298524820368e-003	2.899367e-001
2.650229911143050e-003	2.858026e-001
2.659761863719645e-003	2.816377e-001
2.669527488719645e-003	2.791784e-001
2.679293113719645e-003	2.780025e-001
2.689058738719645e-003	2.777086e-001
2.698824363719645e-003	2.782251e-001
2.708589988719644e-003	2.797457e-001
2.718355613719644e-003	2.828553e-001
2.728121238719644e-003	2.889333e-001
2.737886863719644e-003	3.018360e-001
2.747652488719644e-003	3.313011e-001
2.756362935121973e-003	3.866429e-001
2.765474025551057e-003	4.825150e-001
2.775239650551056e-003	6.168612e-001
2.784347832710822e-003	7.503500e-001
2.787893383412640e-003	7.906489e-001
2.792348456796751e-003	8.239693e-001
2.792367596692100e-003	8.240693e-001
2.792433219190441e-003	8.244471e-001
2.792520715854896e-003	8.249326e-001
2.792695709183805e-003	8.258673e-001
2.793045695841623e-003	8.276790e-001
2.793745669157259e-003	8.316491e-001
2.794482110666527e-003	8.371927e-001
2.795356163175541e-003	8.456668e-001
2.796181344734281e-003	8.548598e-001
2.797223945427269e-003	8.678216e-001
2.799309146813245e-003	8.962616e-001
2.800347173764567e-003	9.116676e-001
2.801740725231432e-003	9.339120e-001
2.803089201011307e-003	9.565036e-001
2.804337227970730e-003	9.783593e-001
2.805709172314732e-003	1.003349e+000
2.807308640203517e-003	1.033483e+000
2.808820238913039e-003	1.062872e+000
2.813514202205093e-003	1.159025e+000
2.818843916411388e-003	1.275302e+000
2.828609541411388e-003	1.499398e+000
2.838375166411388e-003	1.734867e+000
2.848140791411388e-003	1.981269e+000
2.857906416411388e-003	2.237186e+000
2.867672041411387e-003	2.501507e+000
2.877437666411387e-003	2.773162e+000
2.887203291411387e-003	3.051121e+000
2.896968916411387e-003	3.334360e+000
2.906734541411386e-003	3.621863e+000
2.916500166411386e-003	3.912607e+000
2.926265791411386e-003	4.205514e+000
2.936031416411386e-003	4.499397e+000
2.945797041411386e-003	4.793032e+000
2.955562666411385e-003	5.085270e+000
2.965328291411385e-003	5.375012e+000
2.975093916411385e-003	5.661266e+000
2.983316375476608e-003	5.898381e+000
2.991918456533591e-003	6.141979e+000
2.998816160247738e-003	6.333780e+000
3.006445299144837e-003	6.541512e+000
3.016210924144836e-003	6.800757e+000
3.025976549144836e-003	7.051819e+000
3.035742174144836e-003	7.293293e+000
3.045507799144836e-003	7.524240e+000
3.055273424144835e-003	7.743706e+000
3.065039049144835e-003	7.950788e+000
3.074804674144835e-003	8.137767e+000
3.078148416593058e-003	8.182715e+000
3.080861775432678e-003	8.202803e+000
3.082486402284554e-003	8.210799e+000
3.084506019654013e-003	8.218533e+000
3.086487787067000e-003	8.224903e+000
3.088944032182186e-003	8.231707e+000
3.091710602197422e-003	8.238423e+000
3.095128158742120e-003	8.245656e+000
3.099376405049071e-003	8.253412e+000
3.104403047040275e-003	8.261047e+000
3.112548940163615e-003	8.270894e+000
3.121634790996004e-003	8.279356e+000
3.131400415996004e-003	8.286061e+000
3.141166040996004e-003	8.290967e+000
3.150931665996004e-003	8.294617e+000
3.160697290996003e-003	8.297316e+000
3.180228540996003e-003	8.300476e+000
3.199759790996003e-003	8.301079e+000
3.219291040996002e-003	8.299118e+000
3.238822290996002e-003	8.293978e+000
3.248587915996002e-003	8.289693e+000
3.258353540996001e-003	8.283653e+000
3.268119165996001e-003	8.275007e+000
3.277884790996001e-003	8.262447e+000
3.287650415996001e-003	8.244674e+000
3.293383673474777e-003	8.230224e+000
3.299679987247090e-003	8.209230e+000
3.303614034662479e-003	8.191220e+000
3.308062354720751e-003	8.163030e+000
3.310676675977708e-003	8.139063e+000
3.313219644050926e-003	8.105850e+000
3.316017201258743e-003	8.059247e+000
3.319739106812171e-003	7.987362e+000
3.323738404559335e-003	7.901544e+000
3.330971632863575e-003	7.732360e+000
3.340387780632806e-003	7.497646e+000
3.350153405632805e-003	7.241828e+000
3.359919030632805e-003	6.976089e+000
3.369684655632805e-003	6.702130e+000
3.379450280632805e-003	6.421196e+000
3.389215905632805e-003	6.134407e+000
3.398981530632804e-003	5.842815e+000
3.408747155632804e-003	5.547454e+000
3.418512780632804e-003	5.249345e+000
3.428278405632804e-003	4.949527e+000
3.438044030632804e-003	4.649131e+000
3.447809655632803e-003	4.349376e+000
3.457575280632803e-003	4.051449e+000
3.467340905632803e-003	3.756453e+000
3.477106530632803e-003	3.465502e+000
3.486872155632803e-003	3.179660e+000
3.495237730911689e-003	2.939990e+000
3.503772795852752e-003	2.700898e+000
3.511708431104619e-003	2.483931e+000
3.521474056104619e-003	2.224525e+000
3.531239681104619e-003	1.973993e+000
3.541005306104619e-003	1.733699e+000
3.550770931104618e-003	1.504550e+000
3.560536556104618e-003	1.287463e+000
3.570302181104618e-003	1.081282e+000
3.574318493470567e-003	1.000207e+000
3.576743292540709e-003	9.529777e-001
3.579218720779446e-003	9.057871e-001
3.580590076503171e-003	8.800516e-001
3.581593651209041e-003	8.614282e-001
3.582575044340902e-003	8.440638e-001
3.583405474875932e-003	8.321745e-001
3.584535343635046e-003	8.206754e-001
3.585523644546540e-003	8.126521e-001
3.586550451055513e-003	8.052956e-001
3.588604064073460e-003	7.917145e-001
3.591373543819884e-003	7.729424e-001
3.594460195162581e-003	7.478606e-001
3.598924660948991e-003	7.017713e-001
3.603336437027841e-003	6.479452e-001
3.610967984631398e-003	5.482966e-001
3.619005914867642e-003	4.480788e-001
3.628771539867641e-003	3.480083e-001
3.634717328730023e-003	3.116621e-001
3.641536255196079e-003	2.944709e-001
3.646106408056364e-003	2.892022e-001
3.652184393879343e-003	2.853214e-001
3.661950018879343e-003	2.814074e-001
3.671715643879343e-003	2.791831e-001
3.681481268879343e-003	2.781846e-001
3.691246893879343e-003	2.780650e-001
3.701012518879342e-003	2.788073e-001
3.710778143879342e-003	2.806775e-001
3.720543768879342e-003	2.844182e-001
3.730309393879342e-003	2.918399e-001
3.740075018879342e-003	3.082043e-001
3.749840643879341e-003	3.467732e-001
3.759606268879341e-003	4.223641e-001
3.768478059045983e-003	5.264572e-001
3.777185882549212e-003	6.518493e-001
3.784037666855901e-003	7.532886e-001
3.786900601557109e-003	7.861583e-001
3.791151807028365e-003	8.192958e-001
3.791152961309053e-003	8.193046e-001
3.791194845208288e-003	8.195475e-001
3.791236729107523e-003	8.197886e-001
3.791278613006758e-003	8.200279e-001
3.791320496905994e-003	8.202655e-001
3.791362380805229e-003	8.205012e-001
3.791404264704464e-003	8.207351e-001
3.791446148603699e-003	8.209672e-001
3.792332636171764e-003	8.256986e-001
3.793514619595851e-003	8.324754e-001
3.794340642894845e-003	8.389426e-001
3.795390241634996e-003	8.496442e-001
3.796409887961544e-003	8.614510e-001
3.797454728189456e-003	8.749238e-001
3.799544408645280e-003	9.043811e-001
3.800557427302088e-003	9.197628e-001
3.801671030632141e-003	9.378345e-001
3.803303598221177e-003	9.656371e-001
3.804975378264663e-003	9.955290e-001
3.807051799446465e-003	1.034354e+000
3.808865623879185e-003	1.069554e+000
3.813617434735576e-003	1.167166e+000
3.819215727435896e-003	1.289544e+000
3.828981352435896e-003	1.514017e+000
3.838746977435895e-003	1.749805e+000
3.848512602435895e-003	1.996431e+000
3.858278227435895e-003	2.252527e+000
3.868043852435895e-003	2.516986e+000
3.877809477435895e-003	2.788743e+000
3.887575102435894e-003	3.066770e+000
3.897340727435894e-003	3.350044e+000
3.907106352435894e-003	3.637547e+000
3.916871977435894e-003	3.928257e+000
3.926637602435894e-003	4.221090e+000
3.936403227435894e-003	4.514853e+000
3.946168852435894e-003	4.808327e+000
3.955934477435893e-003	5.100365e+000
3.965700102435893e-003	5.389868e+000
3.975465727435893e-003	5.675853e+000
3.983546090272135e-003	5.908648e+000
3.992001960527709e-003	6.147902e+000
3.998894241107132e-003	6.339429e+000
4.006497290033029e-003	6.546338e+000
4.016262915033029e-003	6.805437e+000
4.026028540033029e-003	7.056354e+000
4.035794165033029e-003	7.297679e+000
4.045559790033028e-003	7.528476e+000
4.055325415033028e-003	7.747787e+000
4.065091040033028e-003	7.954713e+000
4.074856665033028e-003	8.141616e+000
4.077986092402274e-003	8.183146e+000
4.080748097205622e-003	8.203070e+000
4.082352249251623e-003	8.210925e+000
4.084349674730542e-003	8.218577e+000
4.086164435433665e-003	8.224455e+000
4.088442626829564e-003	8.230844e+000
4.090867553451916e-003	8.236864e+000
4.093773064303602e-003	8.243245e+000
4.097511982334197e-003	8.250447e+000
4.102028505887357e-003	8.257872e+000
4.108738890632967e-003	8.266855e+000
4.117528885434390e-003	8.276056e+000
4.127294510434389e-003	8.283665e+000
4.137060135434389e-003	8.289206e+000
4.146825760434389e-003	8.293318e+000
4.156591385434389e-003	8.296381e+000
4.176122635434388e-003	8.300121e+000
4.195653885434388e-003	8.301242e+000
4.215185135434387e-003	8.299849e+000
4.234716385434387e-003	8.295487e+000
4.244482010434387e-003	8.291784e+000
4.254247635434387e-003	8.286584e+000
4.264013260434386e-003	8.279194e+000
4.273778885434386e-003	8.268517e+000
4.283544510434386e-003	8.253184e+000
4.290234010841798e-003	8.238626e+000
4.296278475682419e-003	8.221313e+000
4.300758813445829e-003	8.204914e+000
4.305191981155979e-003	8.184320e+000
4.307824057578612e-003	8.167356e+000
4.310435287864392e-003	8.143359e+000
4.312654506602240e-003	8.115559e+000
4.314825925147052e-003	8.081174e+000
4.318391657606203e-003	8.015780e+000
4.322017201074216e-003	7.940860e+000
4.329207245609848e-003	7.777084e+000
4.336758804339280e-003	7.592548e+000
4.346524429339280e-003	7.340444e+000
4.356290054339279e-003	7.078136e+000
4.366055679339279e-003	6.807015e+000
4.375821304339279e-003	6.528475e+000
4.385586929339279e-003	6.243674e+000
4.395352554339278e-003	5.953685e+000
4.405118179339278e-003	5.659545e+000
4.414883804339278e-003	5.362280e+000
4.424649429339278e-003	5.062917e+000
4.434415054339278e-003	4.762542e+000
4.444180679339277e-003	4.462352e+000
4.453946304339277e-003	4.163560e+000
4.463711929339277e-003	3.867298e+000
4.473477554339277e-003	3.574653e+000
4.483243179339277e-003	3.286543e+000
4.491171559378549e-003	3.057131e+000
4.499317860751699e-003	2.826225e+000
4.506246996103783e-003	2.633773e+000
4.513840288515887e-003	2.427796e+000
4.523605913515887e-003	2.170363e+000
4.533371538515887e-003	1.921950e+000
4.543137163515887e-003	1.683977e+000
4.552902788515886e-003	1.457347e+000
4.562668413515886e-003	1.242975e+000
4.572434038515886e-003	1.039738e+000
4.576524850177834e-003	9.584283e-001
4.578584685456120e-003	9.187406e-001
4.578596191238561e-003	9.185272e-001
4.578757272192745e-003	9.154774e-001
4.578941364711812e-003	9.119997e-001
4.579309549749947e-003	9.050778e-001
4.579947290850224e-003	8.931391e-001
4.580346536438986e-003	8.856843e-001
4.581734241099574e-003	8.599654e-001
4.582977190704771e-003	8.387797e-001
4.583819062369348e-003	8.279342e-001
4.584674053635216e-003	8.201030e-001
4.585972907307399e-003	8.099988e-001
4.587272398197056e-003	8.008183e-001
4.589871379976370e-003	7.833399e-001
4.592344810958722e-003	7.658574e-001
4.595629087237225e-003	7.378935e-001
4.599478889444096e-003	6.963018e-001
4.605821397910570e-003	6.167021e-001
4.612458490860470e-003	5.301898e-001
4.621910472479235e-003	4.141434e-001
4.629354600293965e-003	3.422858e-001
4.635283188694933e-003	3.096028e-001
4.641855247365665e-003	2.942484e-001
4.647127386787573e-003	2.885506e-001
4.653005357431195e-003	2.849415e-001
4.662770982431195e-003	2.812310e-001
4.672536607431195e-003	2.791136e-001
4.682302232431194e-003	2.781862e-001
4.692067857431194e-003	2.781349e-001
4.701833482431194e-003	2.789620e-001
4.711599107431194e-003	2.809604e-001
4.721364732431193e-003	2.849373e-001
4.731130357431193e-003	2.928712e-001
4.740895982431193e-003	3.105991e-001
4.750661607431193e-003	3.520507e-001
4.760427232431193e-003	4.317545e-001
4.769609583817451e-003	5.429077e-001
4.778211818809186e-003	6.685238e-001
4.783971106051969e-003	7.536638e-001
4.786802133976617e-003	7.860948e-001
4.790712688458316e-003	8.159263e-001
4.792752048461644e-003	8.285486e-001
4.794069249508443e-003	8.377675e-001
4.795336019591832e-003	8.498573e-001
4.796627880277898e-003	8.649164e-001
4.797867884404521e-003	8.811191e-001
4.799518201935350e-003	9.046271e-001
4.800491771036477e-003	9.194684e-001
4.801481821485563e-003	9.354506e-001
4.802968884046751e-003	9.606207e-001
4.804747661771826e-003	9.921648e-001
4.806536887453347e-003	1.025340e+000
4.808391562096869e-003	1.061073e+000
4.810374800623625e-003	1.100589e+000
4.812811157602655e-003	1.150943e+000
4.817683871560716e-003	1.256464e+000
4.827429299476837e-003	1.478458e+000
4.837194924476837e-003	1.712337e+000
4.846960549476836e-003	1.957332e+000
4.856726174476836e-003	2.211978e+000
4.866491799476836e-003	2.475159e+000
4.876257424476836e-003	2.745803e+000
4.886023049476836e-003	3.022881e+000
4.895788674476835e-003	3.305368e+000
4.905554299476835e-003	3.592246e+000
4.915319924476835e-003	3.882500e+000
4.925085549476835e-003	4.175057e+000
4.934851174476835e-003	4.468736e+000
4.944616799476834e-003	4.762317e+000
4.954382424476834e-003	5.054639e+000
4.964148049476834e-003	5.344603e+000
4.973913674476834e-003	5.631182e+000
4.982501883598668e-003	5.879167e+000
4.991446901396164e-003	6.132756e+000
4.998501937742666e-003	6.329056e+000
5.006234168680540e-003	6.539676e+000
5.015999793680540e-003	6.799004e+000
5.025765418680540e-003	7.050153e+000
5.035531043680539e-003	7.291737e+000
5.045296668680539e-003	7.522818e+000
5.055062293680539e-003	7.742438e+000
5.064827918680539e-003	7.949696e+000
5.074593543680539e-003	8.137260e+000
5.077872921584835e-003	8.181890e+000
5.080475207127780e-003	8.201641e+000
5.082109087063047e-003	8.209889e+000
5.084117727857758e-003	8.217746e+000
5.086226680783448e-003	8.224608e+000
5.088818660415338e-003	8.231810e+000
5.091926886692026e-003	8.239282e+000
5.095896529119688e-003	8.247473e+000
5.100876650554579e-003	8.256121e+000
5.107301288998888e-003	8.265149e+000
5.117066913998888e-003	8.275694e+000
5.126702494973252e-003	8.283318e+000
5.136468119973252e-003	8.288927e+000
5.146233744973252e-003	8.293116e+000
5.155999369973251e-003	8.296233e+000
5.175530619973251e-003	8.300058e+000
5.195061869973251e-003	8.301253e+000
5.214593119973250e-003	8.299941e+000
5.234124369973250e-003	8.295686e+000
5.243889994973250e-003	8.292060e+000
5.253655619973249e-003	8.286969e+000
5.263421244973249e-003	8.279743e+000
5.273186869973249e-003	8.269448e+000
5.280684704721466e-003	8.258348e+000
5.288627238284726e-003	8.243011e+000
5.293308876727982e-003	8.231167e+000
5.299862617954837e-003	8.208983e+000
5.304155252431410e-003	8.188733e+000
5.308594381193697e-003	8.159565e+000
5.311066880727243e-003	8.135509e+000
5.313563558895297e-003	8.101360e+000
5.316230905052223e-003	8.056411e+000
5.320083731569576e-003	7.981602e+000
5.325099077305211e-003	7.872881e+000
5.332521439233716e-003	7.697355e+000
5.342287064233716e-003	7.451353e+000
5.352052689233716e-003	7.193480e+000
5.361818314233715e-003	6.925965e+000
5.371583939233715e-003	6.650485e+000
5.381349564233715e-003	6.368254e+000
5.391115189233715e-003	6.080378e+000
5.400880814233715e-003	5.787903e+000
5.410646439233714e-003	5.491862e+000
5.420412064233714e-003	5.193271e+000
5.430177689233714e-003	4.893185e+000
5.439943314233714e-003	4.592755e+000
5.449708939233714e-003	4.293205e+000
5.459474564233713e-003	3.995705e+000
5.469240189233713e-003	3.701347e+000
5.479005814233713e-003	3.411274e+000
5.488771439233713e-003	3.126764e+000
5.498222979599544e-003	2.857392e+000
5.505537416640696e-003	2.653607e+000
5.513467759768630e-003	2.438074e+000
5.523233384768630e-003	2.180222e+000
5.532999009768630e-003	1.931421e+000
5.542764634768630e-003	1.693027e+000
5.552530259768629e-003	1.465941e+000
5.562295884768629e-003	1.251080e+000
5.572061509768629e-003	1.047284e+000
5.576067700322001e-003	9.671047e-001
5.576229526974650e-003	9.639554e-001
5.576553180279946e-003	9.577236e-001
5.577200486890538e-003	9.453124e-001
5.578495100111724e-003	9.206491e-001
5.579439157671633e-003	9.028261e-001
5.580255619142125e-003	8.875416e-001
5.581339267573199e-003	8.674076e-001
5.582507277955228e-003	8.463651e-001
5.583328903902885e-003	8.338120e-001
5.584276985431977e-003	8.233954e-001
5.585242338464163e-003	8.153501e-001
5.586271472368411e-003	8.077815e-001
5.587876675704795e-003	7.968222e-001
5.590441278498299e-003	7.796422e-001
5.593116501933715e-003	7.598271e-001
5.596702732114118e-003	7.269955e-001
5.600611334870817e-003	6.827767e-001
5.607094756830006e-003	6.000602e-001
5.613917388847339e-003	5.115052e-001
5.623683013847339e-003	3.946623e-001
5.630400578755378e-003	3.348540e-001
5.636679673544822e-003	3.048355e-001
5.642278856446429e-003	2.934749e-001
5.648342236552507e-003	2.877103e-001
5.654351228191950e-003	2.842759e-001
5.664116853191950e-003	2.808652e-001
5.673882478191950e-003	2.789375e-001
5.683648103191949e-003	2.781359e-001
5.693413728191949e-003	2.781984e-001
5.703179353191949e-003	2.791633e-001
5.712944978191949e-003	2.813690e-001
5.722710603191948e-003	2.857257e-001
5.732476228191948e-003	2.945225e-001
5.742241853191948e-003	3.145502e-001
5.752007478191948e-003	3.604263e-001
5.761573956597058e-003	4.442500e-001
5.771231238277158e-003	5.661543e-001
5.779928043315527e-003	6.943795e-001
5.784879436351737e-003	7.643785e-001
5.787681302033360e-003	7.937679e-001
5.791334149006360e-003	8.196474e-001
5.793133875243876e-003	8.307732e-001
5.794340416221006e-003	8.402070e-001
5.796147238740609e-003	8.592606e-001
5.797479592062664e-003	8.758100e-001
5.798774732109141e-003	8.936204e-001
5.799735124424259e-003	9.077817e-001
5.800717135085399e-003	9.230690e-001
5.801694417953428e-003	9.389386e-001
5.802769097352025e-003	9.572012e-001
5.804918456149221e-003	9.955010e-001
5.807019481078249e-003	1.034666e+000
5.808945460774371e-003	1.072076e+000
5.813815143830547e-003	1.172297e+000
5.819540932396595e-003	1.297727e+000
5.829306557396594e-003	1.522612e+000
5.839072182396594e-003	1.758768e+000
5.848837807396594e-003	2.005702e+000
5.858603432396594e-003	2.262068e+000
5.868369057396594e-003	2.526761e+000
5.878134682396593e-003	2.798719e+000
5.887900307396593e-003	3.076912e+000
5.897665932396593e-003	3.360320e+000
5.907431557396593e-003	3.647924e+000
5.917197182396593e-003	3.938701e+000
5.926962807396592e-003	4.231564e+000
5.936728432396592e-003	4.525316e+000
5.946494057396592e-003	4.818739e+000
5.956259682396592e-003	5.110690e+000
5.966025307396592e-003	5.400069e+000
5.975790932396591e-003	5.685900e+000
5.983784777740983e-003	5.916065e+000
5.992149397729307e-003	6.152604e+000
5.999054787639780e-003	6.344403e+000
6.006655231267052e-003	6.551141e+000
6.016420856267052e-003	6.810093e+000
6.026186481267052e-003	7.060846e+000
6.035952106267051e-003	7.301994e+000
6.045717731267051e-003	7.532598e+000
6.055483356267051e-003	7.751701e+000
6.065248981267051e-003	7.957653e+000
6.075014606267051e-003	8.141891e+000
6.078326582623111e-003	8.184949e+000
6.081749867503286e-003	8.208660e+000
6.083795164839375e-003	8.217324e+000
6.085378608780464e-003	8.222305e+000
6.087537334190379e-003	8.228573e+000
6.089755858915037e-003	8.234351e+000
6.091782265578031e-003	8.239102e+000
6.094161870032484e-003	8.244195e+000
6.096862285537795e-003	8.249452e+000
6.099662058881288e-003	8.254358e+000
6.103283689594527e-003	8.260015e+000
6.106943806678413e-003	8.265017e+000
6.112216388910289e-003	8.271185e+000
6.117461769719068e-003	8.276249e+000
6.125711058142192e-003	8.282609e+000
6.134030630343711e-003	8.287670e+000
6.143796255343711e-003	8.292175e+000
6.153561880343710e-003	8.295544e+000
6.173093130343710e-003	8.299734e+000
6.192624380343710e-003	8.301240e+000
6.212155630343709e-003	8.300251e+000
6.231686880343709e-003	8.296413e+000
6.241452505343709e-003	8.293085e+000
6.251218130343708e-003	8.288410e+000
6.260983755343708e-003	8.281801e+000
6.270749380343708e-003	8.272297e+000
6.280515005343708e-003	8.258698e+000
6.287251727520094e-003	8.245675e+000
6.293872710392007e-003	8.228891e+000
6.298199308237932e-003	8.214906e+000
6.302761323167474e-003	8.196689e+000
6.305920178972830e-003	8.180470e+000
6.308657922607481e-003	8.161738e+000
6.310532018719384e-003	8.143851e+000
6.312642999782969e-003	8.116694e+000
6.314614385927663e-003	8.085543e+000
6.318077451458136e-003	8.022326e+000
6.321982872336713e-003	7.941889e+000
6.329168243685891e-003	7.778460e+000
6.336754642487916e-003	7.593064e+000
6.346520267487916e-003	7.340952e+000
6.356285892487916e-003	7.078630e+000
6.366051517487916e-003	6.807500e+000
6.375817142487915e-003	6.528951e+000
6.385582767487915e-003	6.244143e+000
6.395348392487915e-003	5.954144e+000
6.405114017487915e-003	5.659996e+000
6.414879642487915e-003	5.362722e+000
6.424645267487914e-003	5.063350e+000
6.434410892487914e-003	4.762966e+000
6.444176517487914e-003	4.462767e+000
6.453942142487914e-003	4.163966e+000
6.463707767487914e-003	3.867694e+000
6.473473392487913e-003	3.575039e+000
6.483239017487913e-003	3.286918e+000
6.491171201845834e-003	3.057388e+000
6.499323463791953e-003	2.826307e+000
6.506248219177191e-003	2.633973e+000
6.513837735622492e-003	2.428093e+000
6.523603360622491e-003	2.170653e+000
6.533368985622491e-003	1.922230e+000
6.543134610622491e-003	1.684248e+000
6.552900235622491e-003	1.457608e+000
6.562665860622491e-003	1.243227e+000
6.572431485622490e-003	1.039851e+000
6.576178058510187e-003	9.653286e-001
6.578556882313619e-003	9.196839e-001
6.580750822674369e-003	8.784361e-001
6.582102736726938e-003	8.540016e-001
6.583461090825174e-003	8.329715e-001
6.584527262438174e-003	8.212460e-001
6.585630109947906e-003	8.124661e-001
6.586849054254440e-003	8.038197e-001
6.588670267088807e-003	7.916596e-001
6.591386964812407e-003	7.732458e-001
6.594267767943270e-003	7.503237e-001
6.598308907509238e-003	7.098097e-001
6.602350499001050e-003	6.614130e-001
6.610184512346330e-003	5.596167e-001
6.617652518382457e-003	4.650784e-001
6.627418143382457e-003	3.589145e-001
6.633228190319923e-003	3.186119e-001
6.640361791977460e-003	2.965550e-001
6.644749962444543e-003	2.904962e-001
6.650817937445517e-003	2.861488e-001
6.658937996345936e-003	2.824185e-001
6.668703621345935e-003	2.797823e-001
6.678469246345935e-003	2.784444e-001
6.688234871345935e-003	2.780601e-001
6.698000496345935e-003	2.785239e-001
6.707766121345935e-003	2.800070e-001
6.717531746345934e-003	2.830387e-001
6.727297371345934e-003	2.890080e-001
6.737062996345934e-003	3.017398e-001
6.746828621345934e-003	3.306276e-001
6.755511555909159e-003	3.846403e-001
6.764603408494001e-003	4.786559e-001
6.774369033494001e-003	6.114981e-001
6.783829434734381e-003	7.488328e-001
6.787691426839301e-003	7.922759e-001
6.792114173193756e-003	8.247881e-001
6.792125123475097e-003	8.248571e-001
6.792168924600462e-003	8.251196e-001
6.792227326100947e-003	8.254510e-001
6.792344129101919e-003	8.260837e-001
6.792577735103862e-003	8.272992e-001
6.793044947107748e-003	8.299043e-001
6.793979371115520e-003	8.364820e-001
6.794882365883317e-003	8.448164e-001
6.795839733246323e-003	8.553959e-001
6.796960261178337e-003	8.691515e-001
6.798370438326245e-003	8.880064e-001
6.799375132247857e-003	9.024295e-001
6.800188270794655e-003	9.147950e-001
6.801062678055941e-003	9.287177e-001
6.802378307526866e-003	9.505485e-001
6.803694560182535e-003	9.733038e-001
6.805075991149269e-003	9.982014e-001
6.806786111351128e-003	1.030150e+000
6.808247209388012e-003	1.058360e+000
6.812702847892521e-003	1.148826e+000
6.817457223640477e-003	1.251602e+000
6.826965975136387e-003	1.467755e+000
6.836731600136387e-003	1.701138e+000
6.846497225136387e-003	1.945637e+000
6.856262850136387e-003	2.199847e+000
6.866028475136387e-003	2.462642e+000
6.875794100136386e-003	2.732952e+000
6.885559725136386e-003	3.009743e+000
6.895325350136386e-003	3.291992e+000
6.905090975136386e-003	3.578681e+000
6.914856600136386e-003	3.868794e+000
6.924622225136385e-003	4.161264e+000
6.934387850136385e-003	4.454914e+000
6.944153475136385e-003	4.748522e+000
6.953919100136385e-003	5.040926e+000
6.963684725136385e-003	5.331023e+000
6.973450350136384e-003	5.617630e+000
6.983215975136384e-003	5.899543e+000
6.992005823666031e-003	6.148537e+000
6.999050419926782e-003	6.344261e+000
7.006841649597775e-003	6.556149e+000
7.016607274597774e-003	6.814981e+000
7.026372899597774e-003	7.065560e+000
7.036138524597774e-003	7.306516e+000
7.045904149597774e-003	7.536908e+000
7.055669774597774e-003	7.755782e+000
7.065435399597773e-003	7.961215e+000
7.075201024597773e-003	8.143544e+000
7.078670833128491e-003	8.187571e+000
7.081943550977627e-003	8.209468e+000
7.083837467389414e-003	8.217367e+000
7.085628769685628e-003	8.222979e+000
7.087685795747783e-003	8.228878e+000
7.089856866467648e-003	8.234529e+000
7.092136105802935e-003	8.239873e+000
7.094643523101966e-003	8.245171e+000
7.097482452668305e-003	8.250589e+000
7.100291881020860e-003	8.255404e+000
7.103889368905582e-003	8.260901e+000
7.107420003650867e-003	8.265642e+000
7.112282006368171e-003	8.271269e+000
7.117375485527989e-003	8.276208e+000
7.125216396251281e-003	8.282339e+000
7.133612716249087e-003	8.287477e+000
7.143378341249087e-003	8.292008e+000
7.153143966249087e-003	8.295418e+000
7.172675216249086e-003	8.299674e+000
7.192206466249086e-003	8.301232e+000
7.211737716249085e-003	8.300299e+000
7.231268966249085e-003	8.296532e+000
7.241034591249085e-003	8.293252e+000
7.250800216249085e-003	8.288644e+000
7.260565841249084e-003	8.282135e+000
7.270331466249084e-003	8.272781e+000
7.280097091249084e-003	8.259168e+000
7.289862716249084e-003	8.238896e+000
7.298164497269177e-003	8.212490e+000
7.306218473388988e-003	8.173939e+000
7.310462743113193e-003	8.140551e+000
7.313309148025515e-003	8.104997e+000
7.316008967306721e-003	8.060011e+000
7.320861761556757e-003	7.965466e+000
7.325510433170496e-003	7.864017e+000
7.333494533884445e-003	7.673609e+000
7.343260158884445e-003	7.426372e+000
7.353025783884444e-003	7.167411e+000
7.362791408884444e-003	6.899034e+000
7.372557033884444e-003	6.622823e+000
7.382322658884444e-003	6.339977e+000
7.392088283884444e-003	6.051590e+000
7.401853908884443e-003	5.758710e+000
7.411619533884443e-003	5.462364e+000
7.421385158884443e-003	5.163571e+000
7.431150783884443e-003	4.863392e+000
7.440916408884443e-003	4.562991e+000
7.450682033884442e-003	4.263590e+000
7.460447658884442e-003	3.966350e+000
7.470213283884442e-003	3.672360e+000
7.479978908884442e-003	3.382783e+000
7.489744533884441e-003	3.098797e+000
7.498642689266821e-003	2.845599e+000
7.505685207549258e-003	2.649585e+000
7.513441670525178e-003	2.438852e+000
7.523207295525178e-003	2.181010e+000
7.532972920525178e-003	1.932181e+000
7.542738545525177e-003	1.693755e+000
7.552504170525177e-003	1.466635e+000
7.562269795525177e-003	1.251737e+000
7.572035420525177e-003	1.047914e+000
7.576075427940013e-003	9.670371e-001
7.576238648814762e-003	9.638652e-001
7.576565090564261e-003	9.575900e-001
7.577217974063260e-003	9.450726e-001
7.578523741061255e-003	9.202017e-001
7.579473836525505e-003	9.022701e-001
7.580314246486755e-003	8.865423e-001
7.581409438899546e-003	8.662027e-001
7.582593616662371e-003	8.450980e-001
7.583425462136368e-003	8.329498e-001
7.584534845341637e-003	8.214110e-001
7.585564273752165e-003	8.129559e-001
7.586616580476974e-003	8.053992e-001
7.588721193926592e-003	7.915295e-001
7.591357111421110e-003	7.737904e-001
7.594359825674643e-003	7.496204e-001
7.598730615956642e-003	7.049864e-001
7.603062950881736e-003	6.525214e-001
7.610616586959027e-003	5.541111e-001
7.618762614704141e-003	4.521340e-001
7.628528239704141e-003	3.504565e-001
7.634401138993624e-003	3.133513e-001
7.641284454817245e-003	2.950420e-001
7.645788733694532e-003	2.895887e-001
7.651846346426843e-003	2.855999e-001
7.661441712666120e-003	2.816223e-001
7.671207337666120e-003	2.793154e-001
7.680972962666120e-003	2.782596e-001
7.690738587666120e-003	2.780957e-001
7.700504212666120e-003	2.787932e-001
7.710269837666119e-003	2.806036e-001
7.720035462666119e-003	2.842386e-001
7.729801087666119e-003	2.914394e-001
7.739566712666119e-003	3.072046e-001
7.749332337666118e-003	3.432193e-001
7.758102747688440e-003	4.075027e-001
7.767138707320680e-003	5.103807e-001
7.776904332320680e-003	6.489579e-001
7.783882587015488e-003	7.506956e-001
7.787499477783852e-003	7.914068e-001
7.791479296895200e-003	8.213699e-001
7.791574225685871e-003	8.219317e-001
7.791682715732352e-003	8.225379e-001
7.791899695825316e-003	8.237113e-001
7.792333656011242e-003	8.259896e-001
7.793201576383095e-003	8.308256e-001
7.794036725344922e-003	8.369201e-001
7.795150307866902e-003	8.476362e-001
7.796071420765831e-003	8.580371e-001
7.797186235621424e-003	8.720777e-001
7.798888760853147e-003	8.954229e-001
7.799877339970823e-003	9.100457e-001
7.801072739477847e-003	9.288896e-001
7.802260497934046e-003	9.484811e-001
7.803419076681820e-003	9.684197e-001
7.804833860093717e-003	9.937770e-001
7.806560874787021e-003	1.025907e+000
7.808263887942956e-003	1.058714e+000
7.810289468007580e-003	1.099017e+000
7.812554356320179e-003	1.145687e+000
7.817084132945375e-003	1.243332e+000
7.826143686195768e-003	1.448543e+000
7.835909311195767e-003	1.681056e+000
7.845674936195767e-003	1.924675e+000
7.855440561195767e-003	2.178111e+000
7.865206186195767e-003	2.440224e+000
7.874971811195767e-003	2.709940e+000
7.884737436195766e-003	2.986225e+000
7.894503061195766e-003	3.268054e+000
7.904268686195766e-003	3.554407e+000
7.914034311195766e-003	3.844272e+000
7.923799936195766e-003	4.136586e+000
7.933565561195765e-003	4.430183e+000
7.943331186195765e-003	4.723841e+000
7.953096811195765e-003	5.016388e+000
7.962862436195765e-003	5.306723e+000
7.972628061195764e-003	5.593676e+000
7.982393686195764e-003	5.875976e+000
7.991615018869696e-003	6.137518e+000
7.998853660519752e-003	6.338811e+000
8.006752213407253e-003	6.553726e+000
8.016517838407252e-003	6.812653e+000
8.026283463407252e-003	7.063317e+000
8.036049088407252e-003	7.304364e+000
8.045814713407252e-003	7.534858e+000
8.055580338407252e-003	7.753841e+000
8.065345963407251e-003	7.959524e+000
8.075111588407251e-003	8.143106e+000
8.078412896335062e-003	8.185680e+000
8.081790699148828e-003	8.208827e+000
8.083782090033945e-003	8.217247e+000
8.085402141894753e-003	8.222356e+000
8.087598674095699e-003	8.228734e+000
8.089765561128252e-003	8.234373e+000
8.091821129080567e-003	8.239188e+000
8.094155598943071e-003	8.244184e+000
8.096828835361244e-003	8.249389e+000
8.099603714446957e-003	8.254261e+000
8.103176237747553e-003	8.259856e+000
8.106827339188329e-003	8.264865e+000
8.112068171563918e-003	8.271024e+000
8.117313244208222e-003	8.276114e+000
8.125514935376986e-003	8.282474e+000
8.133804857720181e-003	8.287547e+000
8.143570482720181e-003	8.292082e+000
8.153336107720181e-003	8.295473e+000
8.172867357720180e-003	8.299700e+000
8.192398607720180e-003	8.301233e+000
8.211929857720179e-003	8.300275e+000
8.231461107720179e-003	8.296475e+000
8.241226732720179e-003	8.293173e+000
8.250992357720179e-003	8.288534e+000
8.260757982720178e-003	8.281980e+000
8.270523607720178e-003	8.272557e+000
8.280289232720178e-003	8.259088e+000
8.286987034764071e-003	8.246271e+000
8.293590013741118e-003	8.229717e+000
8.297925947785223e-003	8.215878e+000
8.302500957142585e-003	8.197796e+000
8.305778481208738e-003	8.181046e+000
8.308644926152879e-003	8.161422e+000
8.310610983564146e-003	8.142558e+000
8.312802698184440e-003	8.114108e+000
8.314859456161498e-003	8.081253e+000
8.318422817370946e-003	8.015502e+000
8.322452651652615e-003	7.931749e+000
8.329751426695184e-003	7.764562e+000
8.337621731556217e-003	7.571200e+000
8.347387356556216e-003	7.318100e+000
8.357152981556216e-003	7.054925e+000
8.366918606556216e-003	6.783086e+000
8.376684231556216e-003	6.503935e+000
8.386449856556216e-003	6.218621e+000
8.396215481556215e-003	5.928212e+000
8.405981106556215e-003	5.633744e+000
8.415746731556215e-003	5.336242e+000
8.425512356556215e-003	5.036733e+000
8.435277981556215e-003	4.736314e+000
8.445043606556214e-003	4.436190e+000
8.454809231556214e-003	4.137568e+000
8.464574856556214e-003	3.841572e+000
8.474340481556214e-003	3.549293e+000
8.484106106556213e-003	3.261660e+000
8.492011623659678e-003	3.033351e+000
8.500021059143466e-003	2.806841e+000
8.507367690513518e-003	2.603340e+000
8.515078821788449e-003	2.394870e+000
8.524844446788448e-003	2.138554e+000
8.534610071788448e-003	1.891407e+000
8.544375696788448e-003	1.654815e+000
8.554141321788448e-003	1.429683e+000
8.563906946788448e-003	1.216924e+000
8.573672571788447e-003	1.013920e+000
8.573679724345820e-003	1.013771e+000
8.573708334575313e-003	1.013192e+000
8.573975363383907e-003	1.007928e+000
8.574280539165157e-003	1.001938e+000
8.574890890727657e-003	9.900181e-001
8.576111593852657e-003	9.663458e-001
8.577306075983617e-003	9.433839e-001
8.578858018528358e-003	9.138448e-001
8.579716995217954e-003	8.976707e-001
8.580689424384821e-003	8.795189e-001
8.581401929509647e-003	8.662907e-001
8.582072808195505e-003	8.542639e-001
8.583414565567219e-003	8.333403e-001
8.584387671358726e-003	8.223826e-001
8.585391101187598e-003	8.142578e-001
8.586599956972788e-003	8.055282e-001
8.588224528761922e-003	7.945363e-001
8.590841685086321e-003	7.769496e-001
8.593561316586821e-003	7.563128e-001
8.597185997370622e-003	7.220886e-001
8.601001042612988e-003	6.780295e-001
8.608631133097722e-003	5.799407e-001
8.615503244031432e-003	4.914874e-001
8.625268869031432e-003	3.782914e-001
8.631397272032311e-003	3.294423e-001
8.639236287776761e-003	2.992655e-001
8.644244688877666e-003	2.910579e-001
8.650257797460466e-003	2.864230e-001
8.657111361346108e-003	2.830591e-001
8.666876986346108e-003	2.801800e-001
8.676642611346108e-003	2.786159e-001
8.686408236346107e-003	2.780651e-001
8.696173861346107e-003	2.783657e-001
8.705939486346107e-003	2.796319e-001
8.715705111346107e-003	2.823089e-001
8.725470736346106e-003	2.875703e-001
8.735236361346106e-003	2.985120e-001
8.745001986346106e-003	3.241921e-001
8.754767611346106e-003	3.796537e-001
8.763569246533338e-003	4.661237e-001
8.773334871533338e-003	5.969062e-001
8.782112294891124e-003	7.270787e-001
8.786183594134784e-003	7.784724e-001
8.789930732959783e-003	8.108908e-001
8.792339707077712e-003	8.261724e-001
8.793896241179034e-003	8.363187e-001
8.794974979108123e-003	8.459692e-001
8.796249541386237e-003	8.603848e-001
8.797537258080034e-003	8.767351e-001
8.799035613393205e-003	8.975251e-001
8.799963209439052e-003	9.113641e-001
8.801126566416791e-003	9.297490e-001
8.802248237358068e-003	9.482713e-001
8.803459159819043e-003	9.691199e-001
8.804858515237365e-003	9.942065e-001
8.806595909869335e-003	1.026542e+000
8.808274124531362e-003	1.058876e+000
8.810289442946928e-003	1.098981e+000
8.812589092611551e-003	1.146382e+000
8.817188391940798e-003	1.245597e+000
8.826386990599292e-003	1.454168e+000
8.836152615599292e-003	1.686937e+000
8.845918240599292e-003	1.930819e+000
8.855683865599292e-003	2.184485e+000
8.865449490599291e-003	2.446802e+000
8.875215115599291e-003	2.716697e+000
8.884980740599291e-003	2.993134e+000
8.894746365599291e-003	3.275088e+000
8.904511990599291e-003	3.561543e+000
8.914277615599290e-003	3.851484e+000
8.924043240599290e-003	4.143846e+000
8.933808865599290e-003	4.437461e+000
8.943574490599290e-003	4.731106e+000
8.953340115599289e-003	5.023612e+000
8.963105740599289e-003	5.313879e+000
8.972871365599289e-003	5.600731e+000
8.982636990599289e-003	5.882920e+000
8.991719520746653e-003	6.140436e+000
8.998891165895549e-003	6.339823e+000
9.006748054423506e-003	6.553587e+000
9.016513679423506e-003	6.812510e+000
9.026279304423505e-003	7.063179e+000
9.036044929423505e-003	7.304231e+000
9.045810554423505e-003	7.534730e+000
9.055576179423505e-003	7.753720e+000
9.065341804423505e-003	7.959417e+000
9.075107429423504e-003	8.142846e+000
9.078461137081806e-003	8.186011e+000
9.081811101321122e-003	8.208903e+000
9.083777820383268e-003	8.217207e+000
9.085421533711753e-003	8.222396e+000
9.087637811694591e-003	8.228830e+000
9.089788644472742e-003	8.234423e+000
9.091866515660706e-003	8.239284e+000
9.094190323899855e-003	8.244249e+000
9.096868748128414e-003	8.249457e+000
9.099642899102582e-003	8.254322e+000
9.103206894499812e-003	8.259897e+000
9.106854745159054e-003	8.264897e+000
9.112058735294672e-003	8.271012e+000
9.117265479358302e-003	8.276063e+000
9.126507329321930e-003	8.283179e+000
9.134909044022971e-003	8.288173e+000
9.144674669022971e-003	8.292515e+000
9.154440294022971e-003	8.295792e+000
9.173971544022970e-003	8.299850e+000
9.193502794022970e-003	8.301244e+000
9.213034044022970e-003	8.300138e+000
9.232565294022969e-003	8.296153e+000
9.242330919022969e-003	8.292721e+000
9.252096544022969e-003	8.287900e+000
9.261862169022968e-003	8.281076e+000
9.271627794022968e-003	8.271250e+000
9.281393419022968e-003	8.257142e+000
9.288253000923095e-003	8.243360e+000
9.294884473732891e-003	8.225846e+000
9.299178705126820e-003	8.211308e+000
9.303710859664610e-003	8.192522e+000
9.306558789926908e-003	8.177317e+000
9.308573403757859e-003	8.162582e+000
9.310576180261845e-003	8.142844e+000
9.312727422968840e-003	8.115110e+000
9.314848448297917e-003	8.081256e+000
9.318626866496378e-003	8.011474e+000
9.322452647609428e-003	7.931784e+000
9.330104209835530e-003	7.756080e+000
9.337775760831776e-003	7.567381e+000
9.347541385831775e-003	7.313991e+000
9.357307010831775e-003	7.050667e+000
9.367072635831775e-003	6.778704e+000
9.376838260831775e-003	6.499448e+000
9.386603885831775e-003	6.214047e+000
9.396369510831774e-003	5.923566e+000
9.406135135831774e-003	5.629044e+000
9.415900760831774e-003	5.331502e+000
9.425666385831774e-003	5.031971e+000
9.435432010831774e-003	4.731549e+000
9.445197635831773e-003	4.431440e+000
9.454963260831773e-003	4.132852e+000
9.464728885831773e-003	3.836907e+000
9.474494510831773e-003	3.544696e+000
9.484260135831773e-003	3.257152e+000
9.492169160145045e-003	3.028827e+000
9.500158777512140e-003	2.802974e+000
9.507565512027437e-003	2.597915e+000
9.515327320488320e-003	2.388214e+000
9.525092945488320e-003	2.132122e+000
9.534858570488320e-003	1.885232e+000
9.544624195488320e-003	1.648921e+000
9.554389820488320e-003	1.424093e+000
9.564155445488319e-003	1.211661e+000
9.573921070488319e-003	1.009010e+000
9.573928223045692e-003	1.008862e+000
9.573956833275185e-003	1.008283e+000
9.574223862083779e-003	1.003027e+000
9.574529037865029e-003	9.970491e-001
9.575139389427528e-003	9.851561e-001
9.576360092552529e-003	9.615253e-001
9.577413735916130e-003	9.412911e-001
9.578799678297818e-003	9.149236e-001
9.579673223040049e-003	8.984731e-001
9.580621990492711e-003	8.807549e-001
9.581955433018530e-003	8.560608e-001
9.583236433629237e-003	8.347570e-001
9.584037012683719e-003	8.253248e-001
9.584767902424954e-003	8.191448e-001
9.585662734154225e-003	8.122319e-001
9.587452397612769e-003	7.998001e-001
9.589188920479268e-003	7.882807e-001
9.591408391584825e-003	7.729598e-001
9.595030825259440e-003	7.434001e-001
9.599096753315408e-003	7.011171e-001
9.604095474705504e-003	6.394050e-001
9.611356775904379e-003	5.443264e-001
9.618853937747307e-003	4.498326e-001
9.627632903219179e-003	3.564623e-001
9.633458381434770e-003	3.174021e-001
9.640470548681534e-003	2.963096e-001
9.644813030122832e-003	2.904259e-001
9.650789221819439e-003	2.861827e-001
9.659809358212802e-003	2.821366e-001
9.669574983212801e-003	2.795961e-001
9.679340608212801e-003	2.783650e-001
9.689106233212801e-003	2.780605e-001
9.698871858212801e-003	2.786041e-001
9.708637483212801e-003	2.801965e-001
9.718403108212800e-003	2.834565e-001
9.728168733212800e-003	2.898507e-001
9.737934358212800e-003	3.035341e-001
9.747699983212800e-003	3.359933e-001
9.757465608212800e-003	4.026242e-001
9.766272716219739e-003	4.992079e-001
9.776038341219739e-003	6.350240e-001
9.784939324560685e-003	7.622854e-001
9.788082535594897e-003	7.960051e-001
9.792465556074046e-003	8.274954e-001
9.794667296143565e-003	8.446881e-001
9.796250301453353e-003	8.611686e-001
9.797875905443152e-003	8.818700e-001
9.799538597052064e-003	9.053735e-001
9.800538464312969e-003	9.206212e-001
9.801613885888585e-003	9.380153e-001
9.803081424884607e-003	9.629170e-001
9.804945096389749e-003	9.961473e-001
9.807059110121112e-003	1.035638e+000
9.809120815041912e-003	1.075699e+000
9.814047959856753e-003	1.177412e+000
9.820148303935294e-003	1.311412e+000
9.829913928935294e-003	1.536994e+000
9.839679553935294e-003	1.773864e+000
9.849445178935294e-003	2.021415e+000
9.859210803935294e-003	2.278328e+000
9.868976428935293e-003	2.543503e+000
9.878742053935293e-003	2.815877e+000
9.888507678935293e-003	3.094424e+000
9.898273303935293e-003	3.378121e+000
9.908038928935293e-003	3.665951e+000
9.917804553935292e-003	3.956891e+000
9.927570178935292e-003	4.249844e+000
9.937335803935292e-003	4.543610e+000
9.947101428935292e-003	4.836972e+000
9.956867053935292e-003	5.128795e+000
9.966632678935291e-003	5.417974e+000
9.976398303935291e-003	5.703526e+000
9.984382568433403e-003	5.933148e+000
9.992583056449693e-003	6.164702e+000
1.000000000000000e-002	6.371346e+000
