time	V(vo)
0.000000000000000e+000	4.499994e-013
5.767567389328221e-008	-1.895942e-008
1.153513477865644e-007	-7.739329e-009
1.730270216798466e-007	3.366071e-008
2.307026955731288e-007	1.052407e-007
2.883783694664110e-007	2.070007e-007
3.460540433596932e-007	3.389406e-007
4.037297172529753e-007	5.010604e-007
5.114551462384544e-007	1.064833e-006
6.085183394271037e-007	1.898853e-006
7.476581138250651e-007	3.765563e-006
9.038829492252430e-007	7.023280e-006
1.119138696971934e-006	1.397409e-005
1.373875225238224e-006	2.675210e-005
1.715992396850317e-006	5.334998e-005
2.137379708900160e-006	1.042111e-004
2.698536962842789e-006	2.092413e-004
3.411065503865998e-006	4.163035e-004
4.362698792479903e-006	8.455263e-004
5.606379706605975e-006	1.717164e-003
7.296746206075656e-006	3.558966e-003
9.602953929533307e-006	7.471770e-003
1.292877204161992e-005	1.586852e-002
1.666440371585698e-005	2.868594e-002
2.019224107166475e-005	4.339071e-002
2.394036962841491e-005	6.026775e-002
2.797671752676196e-005	7.829091e-002
3.222470144837480e-005	9.630372e-002
3.750153876661203e-005	1.168161e-001
4.726716376661203e-005	1.506127e-001
5.703278876661203e-005	1.798835e-001
6.679841376661203e-005	2.046484e-001
7.656403876661203e-005	2.256297e-001
8.632966376661202e-005	2.434793e-001
9.609528876661202e-005	2.587475e-001
1.058609137666120e-004	2.718857e-001
1.156265387666120e-004	2.832604e-001
1.253921637666120e-004	2.931665e-001
1.351577887666120e-004	3.018402e-001
1.449234137666120e-004	3.094690e-001
1.546890387666120e-004	3.162020e-001
1.644546637666120e-004	3.221568e-001
1.742202887666120e-004	3.274259e-001
1.839859137666121e-004	3.320820e-001
1.937515387666121e-004	3.361821e-001
2.035171637666121e-004	3.397704e-001
2.132827887666121e-004	3.428814e-001
2.230484137666121e-004	3.455416e-001
2.328140387666121e-004	3.477716e-001
2.425796637666121e-004	3.495869e-001
2.621109137666121e-004	3.520173e-001
2.816421637666121e-004	3.528934e-001
3.011734137666121e-004	3.522431e-001
3.207046637666122e-004	3.500690e-001
3.402359137666122e-004	3.463489e-001
3.597671637666122e-004	3.410273e-001
3.695327887666122e-004	3.377341e-001
3.792984137666122e-004	3.339914e-001
3.890640387666122e-004	3.297676e-001
3.988296637666122e-004	3.250163e-001
4.085952887666122e-004	3.196690e-001
4.183609137666122e-004	3.136194e-001
4.281265387666122e-004	3.066924e-001
4.378921637666123e-004	2.985632e-001
4.476577887666123e-004	2.885222e-001
4.574234137666123e-004	2.751501e-001
4.654994111663763e-004	2.594369e-001
4.711570831271113e-004	2.425586e-001
4.782246604321623e-004	2.119798e-001
4.831091729107908e-004	1.834305e-001
4.883180566040971e-004	1.457983e-001
4.919759497873810e-004	1.164103e-001
4.957491487461980e-004	8.534859e-002
4.995944131712812e-004	5.494918e-002
5.034424623147105e-004	2.658793e-002
5.079556275199720e-004	-3.530234e-003
5.164065861040458e-004	-5.301730e-002
5.261722111040458e-004	-1.016499e-001
5.359378361040458e-004	-1.418093e-001
5.457034611040458e-004	-1.747987e-001
5.554690861040458e-004	-2.020388e-001
5.652347111040458e-004	-2.246815e-001
5.750003361040458e-004	-2.436455e-001
5.847659611040459e-004	-2.596588e-001
5.945315861040459e-004	-2.732957e-001
6.042972111040459e-004	-2.850079e-001
6.140628361040459e-004	-2.951496e-001
6.238284611040459e-004	-3.039979e-001
6.335940861040459e-004	-3.117690e-001
6.433597111040459e-004	-3.186316e-001
6.531253361040459e-004	-3.247164e-001
6.628909611040459e-004	-3.301252e-001
6.726565861040459e-004	-3.349365e-001
6.824222111040459e-004	-3.392108e-001
6.921878361040460e-004	-3.429946e-001
7.019534611040460e-004	-3.463235e-001
7.117190861040460e-004	-3.492246e-001
7.312503361040460e-004	-3.538203e-001
7.507815861040460e-004	-3.568917e-001
7.703128361040460e-004	-3.584985e-001
7.898440861040460e-004	-3.586714e-001
8.093753361040461e-004	-3.574226e-001
8.289065861040461e-004	-3.547512e-001
8.484378361040461e-004	-3.506425e-001
8.679690861040461e-004	-3.450618e-001
8.875003361040461e-004	-3.379387e-001
8.972659611040461e-004	-3.337594e-001
9.070315861040461e-004	-3.291336e-001
9.167972111040462e-004	-3.240205e-001
9.265628361040462e-004	-3.183599e-001
9.363284611040462e-004	-3.120590e-001
9.460940861040462e-004	-3.049680e-001
9.558597111040462e-004	-2.968231e-001
9.656253361040462e-004	-2.870741e-001
9.753909611040462e-004	-2.742853e-001
9.851565861040462e-004	-2.563409e-001
9.910684998969883e-004	-2.398863e-001
9.974097119946842e-004	-2.140255e-001
1.002514835340456e-003	-1.856744e-001
1.007718082768331e-003	-1.495052e-001
1.011493479849662e-003	-1.196049e-001
1.014978770567783e-003	-9.067225e-002
1.018749237306241e-003	-6.009795e-002
1.022375149863389e-003	-3.239404e-002
1.026304479137684e-003	-4.891286e-003
1.033387838093242e-003	3.908797e-002
1.043153463093242e-003	9.114607e-002
1.052919088093242e-003	1.344147e-001
1.062684713093242e-003	1.698463e-001
1.072450338093242e-003	1.989755e-001
1.082215963093242e-003	2.230583e-001
1.091981588093242e-003	2.431004e-001
1.101747213093242e-003	2.599001e-001
1.111512838093242e-003	2.740879e-001
1.121278463093242e-003	2.861604e-001
1.131044088093242e-003	2.965076e-001
1.140809713093242e-003	3.054347e-001
1.150575338093242e-003	3.131806e-001
1.160340963093242e-003	3.199314e-001
1.170106588093242e-003	3.258325e-001
1.179872213093242e-003	3.309965e-001
1.189637838093242e-003	3.355111e-001
1.199403463093242e-003	3.394439e-001
1.209169088093242e-003	3.428474e-001
1.218934713093242e-003	3.457617e-001
1.228700338093242e-003	3.482179e-001
1.238465963093242e-003	3.502395e-001
1.248231588093242e-003	3.518443e-001
1.257997213093242e-003	3.530458e-001
1.267762838093242e-003	3.538540e-001
1.277528463093242e-003	3.542760e-001
1.297059713093242e-003	3.539797e-001
1.316590963093242e-003	3.521760e-001
1.336122213093242e-003	3.488589e-001
1.355653463093242e-003	3.439940e-001
1.365419088093242e-003	3.409594e-001
1.375184713093242e-003	3.375041e-001
1.384950338093242e-003	3.336059e-001
1.394715963093242e-003	3.292335e-001
1.404481588093242e-003	3.243411e-001
1.414247213093242e-003	3.188608e-001
1.424012838093242e-003	3.126870e-001
1.433778463093242e-003	3.056460e-001
1.443544088093242e-003	2.974157e-001
1.453309713093242e-003	2.872929e-001
1.463075338093242e-003	2.738600e-001
1.471191310048207e-003	2.580478e-001
1.476823130575962e-003	2.412427e-001
1.483888761076972e-003	2.106496e-001
1.488792429089247e-003	1.819594e-001
1.493961878870482e-003	1.445566e-001
1.497603277018389e-003	1.152428e-001
1.501370504574153e-003	8.415715e-002
1.505210294154216e-003	5.371676e-002
1.509058375127177e-003	2.527215e-002
1.513571969783249e-003	-4.933781e-003
1.522027052286615e-003	-5.457304e-002
1.531792677286615e-003	-1.033168e-001
1.541558302286615e-003	-1.435508e-001
1.551323927286615e-003	-1.765838e-001
1.561089552286615e-003	-2.038413e-001
1.570855177286615e-003	-2.264791e-001
1.580620802286615e-003	-2.454193e-001
1.590386427286615e-003	-2.613921e-001
1.600152052286615e-003	-2.749740e-001
1.609917677286615e-003	-2.866183e-001
1.619683302286615e-003	-2.966803e-001
1.629448927286615e-003	-3.054381e-001
1.639214552286615e-003	-3.131090e-001
1.648980177286615e-003	-3.198622e-001
1.658745802286615e-003	-3.258292e-001
1.668511427286615e-003	-3.311121e-001
1.678277052286615e-003	-3.357901e-001
1.688042677286615e-003	-3.399239e-001
1.697808302286615e-003	-3.435606e-001
1.707573927286615e-003	-3.467361e-001
1.717339552286615e-003	-3.494778e-001
1.727105177286615e-003	-3.518065e-001
1.746636427286615e-003	-3.552838e-001
1.766167677286615e-003	-3.572513e-001
1.785698927286615e-003	-3.577532e-001
1.805230177286615e-003	-3.568096e-001
1.824761427286615e-003	-3.544237e-001
1.844292677286615e-003	-3.505827e-001
1.863823927286615e-003	-3.452523e-001
1.883355177286615e-003	-3.383619e-001
1.893120802286615e-003	-3.342922e-001
1.902886427286615e-003	-3.297714e-001
1.912652052286615e-003	-3.247586e-001
1.922417677286615e-003	-3.191937e-001
1.932183302286615e-003	-3.129842e-001
1.941948927286615e-003	-3.059803e-001
1.951714552286615e-003	-2.979196e-001
1.961480177286615e-003	-2.882549e-001
1.971245802286615e-003	-2.755628e-001
1.981011427286615e-003	-2.577464e-001
1.986929965895837e-003	-2.413720e-001
1.993309664424975e-003	-2.154522e-001
1.998481273329594e-003	-1.867667e-001
2.003750464934439e-003	-1.501287e-001
2.007532235803328e-003	-1.201665e-001
2.011030860365776e-003	-9.114178e-002
2.014799688025802e-003	-6.064349e-002
2.018475147952852e-003	-3.264036e-002
2.022407046387952e-003	-5.215833e-003
2.029563245364562e-003	3.903438e-002
2.039328870364562e-003	9.086733e-002
2.049094495364562e-003	1.339412e-001
2.058860120364562e-003	1.692280e-001
2.068625745364562e-003	1.982546e-001
2.078391370364561e-003	2.222697e-001
2.088156995364561e-003	2.422729e-001
2.097922620364561e-003	2.590576e-001
2.107688245364561e-003	2.732505e-001
2.117453870364560e-003	2.853450e-001
2.127219495364560e-003	2.957284e-001
2.136985120364560e-003	3.047040e-001
2.146750745364560e-003	3.125091e-001
2.156516370364560e-003	3.193284e-001
2.166281995364559e-003	3.253062e-001
2.176047620364559e-003	3.305543e-001
2.185813245364559e-003	3.351596e-001
2.195578870364559e-003	3.391893e-001
2.205344495364559e-003	3.426951e-001
2.215110120364558e-003	3.457170e-001
2.224875745364558e-003	3.482855e-001
2.234641370364558e-003	3.504238e-001
2.244406995364558e-003	3.521497e-001
2.254172620364558e-003	3.534765e-001
2.263938245364557e-003	3.544139e-001
2.273703870364557e-003	3.549692e-001
2.283469495364557e-003	3.551474e-001
2.303000745364557e-003	3.543843e-001
2.322531995364556e-003	3.521338e-001
2.342063245364556e-003	3.483830e-001
2.361594495364555e-003	3.430909e-001
2.371360120364555e-003	3.398425e-001
2.381125745364555e-003	3.361712e-001
2.390891370364555e-003	3.320524e-001
2.400656995364554e-003	3.274511e-001
2.410422620364554e-003	3.223161e-001
2.420188245364554e-003	3.165704e-001
2.429953870364554e-003	3.100923e-001
2.439719495364554e-003	3.026769e-001
2.449485120364553e-003	2.939272e-001
2.459250745364553e-003	2.829141e-001
2.469016370364553e-003	2.680800e-001
2.475848563419921e-003	2.531224e-001
2.481400959155537e-003	2.348023e-001
2.487928779713326e-003	2.044991e-001
2.492374407415965e-003	1.772697e-001
2.497572589780341e-003	1.387132e-001
2.501250382367136e-003	1.088777e-001
2.505379122144133e-003	7.502685e-002
2.509494349541615e-003	4.293304e-002
2.513233932230897e-003	1.601311e-002
2.518767544838757e-003	-1.958844e-002
2.528533169838756e-003	-7.406890e-002
2.538298794838756e-003	-1.197985e-001
2.548064419838756e-003	-1.572557e-001
2.557830044838756e-003	-1.880479e-001
2.567595669838755e-003	-2.135026e-001
2.577361294838755e-003	-2.346878e-001
2.587126919838755e-003	-2.524523e-001
2.596892544838755e-003	-2.674676e-001
2.606658169838755e-003	-2.802628e-001
2.616423794838754e-003	-2.912535e-001
2.626189419838754e-003	-3.007655e-001
2.635955044838754e-003	-3.090534e-001
2.645720669838754e-003	-3.163161e-001
2.655486294838754e-003	-3.227083e-001
2.665251919838753e-003	-3.283503e-001
2.675017544838753e-003	-3.333354e-001
2.684783169838753e-003	-3.377357e-001
2.694548794838753e-003	-3.416069e-001
2.704314419838753e-003	-3.449918e-001
2.714080044838752e-003	-3.479232e-001
2.723845669838752e-003	-3.504259e-001
2.733611294838752e-003	-3.525189e-001
2.753142544838752e-003	-3.555295e-001
2.772673794838751e-003	-3.570300e-001
2.792205044838751e-003	-3.570597e-001
2.811736294838750e-003	-3.556346e-001
2.831267544838750e-003	-3.527530e-001
2.850798794838749e-003	-3.483946e-001
2.870330044838749e-003	-3.425118e-001
2.880095669838749e-003	-3.389717e-001
2.889861294838749e-003	-3.350087e-001
2.899626919838748e-003	-3.305957e-001
2.909392544838748e-003	-3.256936e-001
2.919158169838748e-003	-3.202448e-001
2.928923794838748e-003	-3.141612e-001
2.938689419838748e-003	-3.073015e-001
2.948455044838747e-003	-2.994207e-001
2.958220669838747e-003	-2.900187e-001
2.967986294838747e-003	-2.778309e-001
2.977751919838747e-003	-2.609445e-001
2.983850404895191e-003	-2.452544e-001
2.989761788754580e-003	-2.228053e-001
2.995321796630105e-003	-1.935124e-001
3.000961970437265e-003	-1.556115e-001
3.005090402180485e-003	-1.233865e-001
3.008655446190752e-003	-9.390681e-002
3.012565365612529e-003	-6.219192e-002
3.016124840146739e-003	-3.498063e-002
3.020101822540003e-003	-7.118240e-003
3.027006379676960e-003	3.583807e-002
3.036772004676959e-003	8.804728e-002
3.046537629676959e-003	1.315034e-001
3.056303254676959e-003	1.671051e-001
3.066068879676959e-003	1.963907e-001
3.075834504676959e-003	2.206203e-001
3.085600129676958e-003	2.408031e-001
3.095365754676958e-003	2.577405e-001
3.105131379676958e-003	2.720653e-001
3.114897004676958e-003	2.842762e-001
3.124662629676958e-003	2.947643e-001
3.134428254676957e-003	3.038360e-001
3.144193879676957e-003	3.117311e-001
3.153959504676957e-003	3.186362e-001
3.163725129676957e-003	3.246970e-001
3.173490754676957e-003	3.300265e-001
3.183256379676956e-003	3.347125e-001
3.193022004676956e-003	3.388227e-001
3.202787629676956e-003	3.424094e-001
3.212553254676956e-003	3.455129e-001
3.222318879676956e-003	3.481641e-001
3.232084504676955e-003	3.503864e-001
3.241850129676955e-003	3.521976e-001
3.251615754676955e-003	3.536112e-001
3.271147004676954e-003	3.552826e-001
3.280912629676954e-003	3.555528e-001
3.300443879676954e-003	3.549798e-001
3.319975129676953e-003	3.529291e-001
3.339506379676953e-003	3.493910e-001
3.359037629676953e-003	3.443310e-001
3.378568879676952e-003	3.376743e-001
3.388334504676952e-003	3.337053e-001
3.398100129676952e-003	3.292722e-001
3.407865754676952e-003	3.243314e-001
3.417631379676951e-003	3.188186e-001
3.427397004676951e-003	3.126343e-001
3.437162629676951e-003	3.056159e-001
3.446928254676951e-003	2.974664e-001
3.456693879676951e-003	2.875542e-001
3.466459504676950e-003	2.744876e-001
3.475201378641052e-003	2.580283e-001
3.480923962794721e-003	2.414087e-001
3.488237638142644e-003	2.101717e-001
3.493385762097296e-003	1.801530e-001
3.498718069448554e-003	1.414716e-001
3.502415864392555e-003	1.116236e-001
3.506259875847232e-003	7.993279e-002
3.510153521341779e-003	4.919311e-002
3.513930442420105e-003	2.146671e-002
3.518703559484263e-003	-1.015301e-002
3.527507989075572e-003	-6.116946e-002
3.537273614075572e-003	-1.091086e-001
3.547039239075572e-003	-1.485867e-001
3.556804864075572e-003	-1.809981e-001
3.566570489075572e-003	-2.077437e-001
3.576336114075571e-003	-2.299564e-001
3.586101739075571e-003	-2.485392e-001
3.595867364075571e-003	-2.642071e-001
3.605632989075571e-003	-2.775241e-001
3.615398614075571e-003	-2.889336e-001
3.625164239075570e-003	-2.987832e-001
3.634929864075570e-003	-3.073449e-001
3.644695489075570e-003	-3.148312e-001
3.654461114075570e-003	-3.214076e-001
3.664226739075569e-003	-3.272028e-001
3.673992364075569e-003	-3.323167e-001
3.683757989075569e-003	-3.368266e-001
3.693523614075569e-003	-3.407923e-001
3.703289239075569e-003	-3.442596e-001
3.713054864075568e-003	-3.472639e-001
3.722820489075568e-003	-3.498321e-001
3.732586114075568e-003	-3.519845e-001
3.742351739075568e-003	-3.537368e-001
3.761882989075567e-003	-3.560836e-001
3.781414239075567e-003	-3.569326e-001
3.800945489075567e-003	-3.563132e-001
3.820476739075566e-003	-3.542339e-001
3.840007989075566e-003	-3.506851e-001
3.859539239075565e-003	-3.456345e-001
3.879070489075565e-003	-3.390140e-001
3.888836114075565e-003	-3.350767e-001
3.898601739075564e-003	-3.306877e-001
3.908367364075564e-003	-3.258076e-001
3.918132989075564e-003	-3.203786e-001
3.927898614075564e-003	-3.143120e-001
3.937664239075564e-003	-3.074658e-001
3.947429864075563e-003	-2.995930e-001
3.957195489075563e-003	-2.901893e-001
3.966961114075563e-003	-2.779750e-001
3.976726739075563e-003	-2.610199e-001
3.982809650801529e-003	-2.452639e-001
3.988783489728398e-003	-2.224284e-001
3.994300254481923e-003	-1.932164e-001
3.999897435249997e-003	-1.554811e-001
4.003987710945649e-003	-1.235142e-001
4.007542916012521e-003	-9.411310e-002
4.011437387274648e-003	-6.253589e-002
4.015009339866003e-003	-3.524043e-002
4.018978485312887e-003	-7.445500e-003
4.025906948838648e-003	3.563552e-002
4.035672573838647e-003	8.781414e-002
4.045438198838647e-003	1.312418e-001
4.055203823838647e-003	1.668238e-001
4.064969448838647e-003	1.960973e-001
4.074735073838647e-003	2.203211e-001
4.084500698838646e-003	2.405035e-001
4.094266323838646e-003	2.574450e-001
4.104031948838646e-003	2.717778e-001
4.113797573838646e-003	2.840000e-001
4.123563198838645e-003	2.945023e-001
4.133328823838645e-003	3.035910e-001
4.143094448838645e-003	3.115052e-001
4.152860073838645e-003	3.184316e-001
4.162625698838645e-003	3.245156e-001
4.172391323838644e-003	3.298700e-001
4.182156948838644e-003	3.345825e-001
4.191922573838644e-003	3.387208e-001
4.201688198838644e-003	3.423370e-001
4.211453823838644e-003	3.454714e-001
4.221219448838643e-003	3.481546e-001
4.230985073838643e-003	3.504101e-001
4.240750698838643e-003	3.522557e-001
4.250516323838643e-003	3.537048e-001
4.270047573838642e-003	3.554503e-001
4.279813198838642e-003	3.557591e-001
4.299344448838642e-003	3.552666e-001
4.318875698838641e-003	3.533014e-001
4.338406948838641e-003	3.498551e-001
4.357938198838640e-003	3.448955e-001
4.377469448838640e-003	3.383530e-001
4.387235073838640e-003	3.344491e-001
4.397000698838640e-003	3.300888e-001
4.406766323838639e-003	3.252319e-001
4.416531948838639e-003	3.198189e-001
4.426297573838639e-003	3.137590e-001
4.436063198838639e-003	3.069053e-001
4.445828823838639e-003	2.990018e-001
4.455594448838638e-003	2.895195e-001
4.465360073838638e-003	2.770947e-001
4.475125698838638e-003	2.597052e-001
4.481081703185128e-003	2.437422e-001
4.487164781665487e-003	2.197364e-001
4.492491412637942e-003	1.908464e-001
4.497897408844828e-003	1.538305e-001
4.501803628297159e-003	1.230967e-001
4.505339858606411e-003	9.381411e-002
4.509166235287536e-003	6.283285e-002
4.512849537029511e-003	3.474054e-002
4.516812490690644e-003	7.081171e-003
4.524043538864452e-003	-3.764806e-002
4.533809163864452e-003	-8.948752e-002
4.543574788864452e-003	-1.325654e-001
4.553340413864452e-003	-1.678741e-001
4.563106038864452e-003	-1.969372e-001
4.572871663864451e-003	-2.210016e-001
4.582637288864451e-003	-2.410654e-001
4.592402913864451e-003	-2.579209e-001
4.602168538864451e-003	-2.721941e-001
4.611934163864451e-003	-2.843777e-001
4.621699788864450e-003	-2.948585e-001
4.631465413864450e-003	-3.039396e-001
4.641231038864450e-003	-3.118577e-001
4.650996663864450e-003	-3.187974e-001
4.660762288864449e-003	-3.249025e-001
4.670527913864449e-003	-3.302847e-001
4.680293538864449e-003	-3.350306e-001
4.690059163864449e-003	-3.392071e-001
4.699824788864449e-003	-3.428657e-001
4.709590413864448e-003	-3.460461e-001
4.719356038864448e-003	-3.487787e-001
4.729121663864448e-003	-3.510865e-001
4.738887288864448e-003	-3.529871e-001
4.758418538864447e-003	-3.556157e-001
4.777949788864447e-003	-3.567336e-001
4.797481038864447e-003	-3.563757e-001
4.817012288864446e-003	-3.545542e-001
4.836543538864446e-003	-3.512628e-001
4.856074788864445e-003	-3.464735e-001
4.875606038864445e-003	-3.401246e-001
4.885371663864445e-003	-3.363308e-001
4.895137288864444e-003	-3.320935e-001
4.904902913864444e-003	-3.273775e-001
4.914668538864444e-003	-3.221312e-001
4.924434163864444e-003	-3.162769e-001
4.934199788864444e-003	-3.096915e-001
4.943965413864443e-003	-3.021673e-001
4.953731038864443e-003	-2.933001e-001
4.963496663864443e-003	-2.821375e-001
4.973262288864443e-003	-2.670918e-001
4.980048496688790e-003	-2.520006e-001
4.985641610015748e-003	-2.332879e-001
4.992154680418292e-003	-2.026604e-001
4.996724841661116e-003	-1.743571e-001
5.002006031139641e-003	-1.348794e-001
5.005747094114840e-003	-1.044413e-001
5.009873241884833e-003	-7.064516e-002
5.013544962841339e-003	-4.209991e-002
5.017457233855694e-003	-1.404744e-002
5.023213746752316e-003	2.284225e-002
5.032979371752316e-003	7.697866e-002
5.042744996752315e-003	1.223458e-001
5.052510621752315e-003	1.594949e-001
5.062276246752315e-003	1.900255e-001
5.072041871752315e-003	2.152565e-001
5.081807496752314e-003	2.362472e-001
5.091573121752314e-003	2.538398e-001
5.101338746752314e-003	2.686998e-001
5.111104371752314e-003	2.813519e-001
5.120869996752314e-003	2.922082e-001
5.130635621752313e-003	3.015913e-001
5.140401246752313e-003	3.097539e-001
5.150166871752313e-003	3.168929e-001
5.159932496752313e-003	3.231617e-001
5.169698121752313e-003	3.286796e-001
5.179463746752312e-003	3.335390e-001
5.189229371752312e-003	3.378117e-001
5.198994996752312e-003	3.415529e-001
5.208760621752312e-003	3.448049e-001
5.218526246752312e-003	3.476005e-001
5.228291871752311e-003	3.499644e-001
5.238057496752311e-003	3.519156e-001
5.247823121752311e-003	3.534681e-001
5.267354371752311e-003	3.554170e-001
5.286885621752310e-003	3.558656e-001
5.306416871752310e-003	3.548391e-001
5.325948121752309e-003	3.523417e-001
5.345479371752309e-003	3.483576e-001
5.365010621752308e-003	3.428438e-001
5.374776246752308e-003	3.394885e-001
5.384541871752308e-003	3.357123e-001
5.394307496752308e-003	3.314903e-001
5.404073121752308e-003	3.267869e-001
5.413838746752307e-003	3.215497e-001
5.423604371752307e-003	3.156998e-001
5.433369996752307e-003	3.091122e-001
5.443135621752307e-003	3.015750e-001
5.452901246752307e-003	2.926743e-001
5.462666871752306e-003	2.814257e-001
5.472432496752306e-003	2.662183e-001
5.479084402555630e-003	2.512300e-001
5.484629665733012e-003	2.324547e-001
5.491058724396629e-003	2.019087e-001
5.495657102640193e-003	1.733353e-001
5.500338016065838e-003	1.383651e-001
5.503846518678383e-003	1.097700e-001
5.507923438042103e-003	7.622196e-002
5.511924072077842e-003	4.484101e-002
5.515660760981965e-003	1.769966e-002
5.520808073878030e-003	-1.584416e-002
5.530317731598598e-003	-6.975854e-002
5.540083356598598e-003	-1.163905e-001
5.549848981598598e-003	-1.546319e-001
5.559614606598598e-003	-1.860453e-001
5.569380231598598e-003	-2.119881e-001
5.579145856598597e-003	-2.335542e-001
5.588911481598597e-003	-2.516138e-001
5.598677106598597e-003	-2.668557e-001
5.608442731598597e-003	-2.798228e-001
5.618208356598597e-003	-2.909417e-001
5.627973981598596e-003	-3.005470e-001
5.637739606598596e-003	-3.089002e-001
5.647505231598596e-003	-3.162055e-001
5.657270856598596e-003	-3.226220e-001
5.667036481598596e-003	-3.282734e-001
5.676802106598595e-003	-3.332557e-001
5.686567731598595e-003	-3.376431e-001
5.696333356598595e-003	-3.414931e-001
5.706098981598595e-003	-3.448497e-001
5.715864606598595e-003	-3.477467e-001
5.725630231598594e-003	-3.502100e-001
5.735395856598594e-003	-3.522591e-001
5.745161481598594e-003	-3.539089e-001
5.764692731598593e-003	-3.560517e-001
5.784223981598593e-003	-3.566955e-001
5.803755231598593e-003	-3.558676e-001
5.823286481598592e-003	-3.535742e-001
5.842817731598592e-003	-3.498028e-001
5.862348981598591e-003	-3.445159e-001
5.881880231598591e-003	-3.376355e-001
5.891645856598591e-003	-3.335541e-001
5.901411481598591e-003	-3.290066e-001
5.911177106598590e-003	-3.239474e-001
5.920942731598590e-003	-3.183089e-001
5.930708356598590e-003	-3.119856e-001
5.940473981598590e-003	-3.048040e-001
5.950239606598590e-003	-2.964419e-001
5.960005231598589e-003	-2.861959e-001
5.969770856598589e-003	-2.726513e-001
5.977867945409571e-003	-2.567804e-001
5.983540369964875e-003	-2.397846e-001
5.990626543909210e-003	-2.089472e-001
5.995673222511257e-003	-1.792366e-001
6.000954229778871e-003	-1.408032e-001
6.004620954257873e-003	-1.111746e-001
6.008413108248224e-003	-7.988452e-002
6.012263438977281e-003	-4.944825e-002
6.016031667439229e-003	-2.172985e-002
6.020720582366167e-003	9.442785e-003
6.029302149916047e-003	5.941669e-002
6.039067774916047e-003	1.076647e-001
6.048833399916046e-003	1.474403e-001
6.058599024916046e-003	1.800827e-001
6.068364649916046e-003	2.070047e-001
6.078130274916046e-003	2.293501e-001
6.087895899916046e-003	2.480306e-001
6.097661524916045e-003	2.637681e-001
6.107427149916045e-003	2.771319e-001
6.117192774916045e-003	2.885700e-001
6.126958399916045e-003	2.984335e-001
6.136724024916045e-003	3.069970e-001
6.146489649916044e-003	3.144751e-001
6.156255274916044e-003	3.210350e-001
6.166020899916044e-003	3.268068e-001
6.175786524916044e-003	3.318914e-001
6.185552149916044e-003	3.363671e-001
6.195317774916043e-003	3.402941e-001
6.205083399916043e-003	3.437191e-001
6.214849024916043e-003	3.466777e-001
6.224614649916043e-003	3.491972e-001
6.234380274916043e-003	3.512983e-001
6.244145899916042e-003	3.529967e-001
6.263677149916042e-003	3.552292e-001
6.283208399916042e-003	3.559556e-001
6.302739649916041e-003	3.552054e-001
6.322270899916041e-003	3.529864e-001
6.341802149916040e-003	3.492867e-001
6.361333399916040e-003	3.440699e-001
6.380864649916039e-003	3.372591e-001
6.390630274916039e-003	3.332129e-001
6.400395899916039e-003	3.287014e-001
6.410161524916039e-003	3.236798e-001
6.419927149916039e-003	3.180815e-001
6.429692774916038e-003	3.118032e-001
6.439458399916038e-003	3.046752e-001
6.449224024916038e-003	2.963842e-001
6.458989649916038e-003	2.862520e-001
6.468755274916038e-003	2.728750e-001
6.477047471337020e-003	2.568586e-001
6.482695639850851e-003	2.401347e-001
6.489835661253983e-003	2.092649e-001
6.494960227474942e-003	1.791672e-001
6.500278098082376e-003	1.404539e-001
6.503972404655619e-003	1.106109e-001
6.508230077355808e-003	7.559446e-002
6.512105582621204e-003	4.519731e-002
6.515979355016153e-003	1.704491e-002
6.520854651099832e-003	-1.479757e-002
6.530265515374905e-003	-6.832971e-002
6.540031140374904e-003	-1.152133e-001
6.549796765374904e-003	-1.536822e-001
6.559562390374904e-003	-1.852777e-001
6.569328015374904e-003	-2.113652e-001
6.579093640374904e-003	-2.330461e-001
6.588859265374903e-003	-2.511968e-001
6.598624890374903e-003	-2.665110e-001
6.608390515374903e-003	-2.795356e-001
6.618156140374903e-003	-2.907004e-001
6.627921765374903e-003	-3.003423e-001
6.637687390374902e-003	-3.087249e-001
6.647453015374902e-003	-3.160538e-001
6.657218640374902e-003	-3.224895e-001
6.666984265374902e-003	-3.281565e-001
6.676749890374902e-003	-3.331516e-001
6.686515515374901e-003	-3.375497e-001
6.696281140374901e-003	-3.414085e-001
6.706046765374901e-003	-3.447725e-001
6.715812390374901e-003	-3.476758e-001
6.725578015374900e-003	-3.501445e-001
6.735343640374900e-003	-3.521983e-001
6.745109265374900e-003	-3.538522e-001
6.764640515374900e-003	-3.560017e-001
6.784171765374899e-003	-3.566509e-001
6.803703015374899e-003	-3.558272e-001
6.823234265374898e-003	-3.535372e-001
6.842765515374898e-003	-3.497680e-001
6.862296765374898e-003	-3.444824e-001
6.881828015374897e-003	-3.376019e-001
6.891593640374897e-003	-3.335197e-001
6.901359265374897e-003	-3.289707e-001
6.911124890374897e-003	-3.239093e-001
6.920890515374896e-003	-3.182672e-001
6.930656140374896e-003	-3.119387e-001
6.940421765374896e-003	-3.047490e-001
6.950187390374896e-003	-2.963733e-001
6.959953015374895e-003	-2.861009e-001
6.969718640374895e-003	-2.725148e-001
6.977755805090999e-003	-2.567038e-001
6.983422798124575e-003	-2.396736e-001
6.990487155245804e-003	-2.088561e-001
6.995555531948173e-003	-1.789541e-001
7.000861606596911e-003	-1.402789e-001
7.004538283264654e-003	-1.105524e-001
7.008361793004595e-003	-7.902861e-002
7.012234798103480e-003	-4.846932e-002
7.015987614010636e-003	-2.094202e-002
7.020777474720312e-003	1.076868e-002
7.029519188867117e-003	6.139817e-002
7.039284813867117e-003	1.093163e-001
7.049050438867117e-003	1.487839e-001
7.058816063867116e-003	1.811790e-001
7.068581688867116e-003	2.079036e-001
7.078347313867116e-003	2.300917e-001
7.088112938867116e-003	2.486466e-001
7.097878563867116e-003	2.642836e-001
7.107644188867115e-003	2.775669e-001
7.117409813867115e-003	2.889401e-001
7.127175438867115e-003	2.987510e-001
7.136941063867115e-003	3.072715e-001
7.146706688867115e-003	3.147143e-001
7.156472313867114e-003	3.212447e-001
7.166237938867114e-003	3.269917e-001
7.176003563867114e-003	3.320552e-001
7.185769188867114e-003	3.365126e-001
7.195534813867113e-003	3.404237e-001
7.205300438867113e-003	3.438344e-001
7.215066063867113e-003	3.467802e-001
7.224831688867113e-003	3.492878e-001
7.234597313867113e-003	3.513780e-001
7.244362938867112e-003	3.530662e-001
7.263894188867112e-003	3.552797e-001
7.283425438867112e-003	3.559885e-001
7.302956688867111e-003	3.552218e-001
7.322487938867111e-003	3.529869e-001
7.342019188867110e-003	3.492718e-001
7.361550438867110e-003	3.440398e-001
7.381081688867110e-003	3.372140e-001
7.390847313867109e-003	3.331601e-001
7.400612938867109e-003	3.286407e-001
7.410378563867109e-003	3.236109e-001
7.420144188867109e-003	3.180037e-001
7.429909813867108e-003	3.117154e-001
7.439675438867108e-003	3.045753e-001
7.449441063867108e-003	2.962682e-001
7.459206688867108e-003	2.861099e-001
7.468972313867108e-003	2.726952e-001
7.477211933134345e-003	2.567303e-001
7.482852943878228e-003	2.399865e-001
7.489973015249112e-003	2.091387e-001
7.495123835795605e-003	1.788291e-001
7.500466050965855e-003	1.398828e-001
7.504170503337189e-003	1.099389e-001
7.508422171956022e-003	7.499150e-002
7.512329682077453e-003	4.438284e-002
7.516180955377007e-003	1.645165e-002
7.521158819733350e-003	-1.594865e-002
7.530741373944677e-003	-7.019965e-002
7.540506998944677e-003	-1.167926e-001
7.550272623944677e-003	-1.549842e-001
7.560038248944676e-003	-1.863563e-001
7.569803873944676e-003	-2.122647e-001
7.579569498944676e-003	-2.338018e-001
7.589335123944676e-003	-2.518367e-001
7.599100748944676e-003	-2.670571e-001
7.608866373944675e-003	-2.800053e-001
7.618631998944675e-003	-2.911072e-001
7.628397623944675e-003	-3.006969e-001
7.638163248944675e-003	-3.090355e-001
7.647928873944675e-003	-3.163268e-001
7.657694498944674e-003	-3.227299e-001
7.667460123944674e-003	-3.283681e-001
7.677225748944674e-003	-3.333373e-001
7.686991373944674e-003	-3.377117e-001
7.696756998944673e-003	-3.415485e-001
7.706522623944673e-003	-3.448918e-001
7.716288248944673e-003	-3.477754e-001
7.726053873944673e-003	-3.502251e-001
7.735819498944673e-003	-3.522604e-001
7.745585123944672e-003	-3.538961e-001
7.765116373944672e-003	-3.560100e-001
7.784647623944672e-003	-3.566237e-001
7.804178873944671e-003	-3.557644e-001
7.823710123944672e-003	-3.534383e-001
7.843241373944671e-003	-3.496318e-001
7.862772623944671e-003	-3.443069e-001
7.882303873944670e-003	-3.373836e-001
7.892069498944670e-003	-3.332777e-001
7.901835123944670e-003	-3.287028e-001
7.911600748944670e-003	-3.236122e-001
7.921366373944670e-003	-3.179358e-001
7.931131998944669e-003	-3.115652e-001
7.940897623944669e-003	-3.043198e-001
7.950663248944669e-003	-2.958622e-001
7.960428873944669e-003	-2.854435e-001
7.970194498944669e-003	-2.716291e-001
7.977956454413744e-003	-2.560582e-001
7.983593143512881e-003	-2.388428e-001
7.990545738318701e-003	-2.081901e-001
7.995547646392858e-003	-1.784893e-001
8.000850577169479e-003	-1.397163e-001
8.004528405985974e-003	-1.099779e-001
8.008782727111028e-003	-7.500898e-002
8.012639066653469e-003	-4.480201e-002
8.016497304120860e-003	-1.681076e-002
8.021401942602150e-003	1.515879e-002
8.030839313675701e-003	6.871510e-002
8.040604938675701e-003	1.154686e-001
8.050370563675701e-003	1.538215e-001
8.060136188675701e-003	1.853208e-001
8.069901813675701e-003	2.113287e-001
8.079667438675700e-003	2.329434e-001
8.089433063675700e-003	2.510388e-001
8.099198688675700e-003	2.663064e-001
8.108964313675700e-003	2.792910e-001
8.118729938675700e-003	2.904211e-001
8.128495563675699e-003	3.000325e-001
8.138261188675699e-003	3.083875e-001
8.148026813675699e-003	3.156914e-001
8.157792438675699e-003	3.221038e-001
8.167558063675699e-003	3.277488e-001
8.177323688675698e-003	3.327228e-001
8.187089313675698e-003	3.371004e-001
8.196854938675698e-003	3.409391e-001
8.206620563675698e-003	3.442834e-001
8.216386188675698e-003	3.471670e-001
8.226151813675697e-003	3.496161e-001
8.235917438675697e-003	3.516501e-001
8.245683063675697e-003	3.532842e-001
8.265214313675696e-003	3.553935e-001
8.284745563675696e-003	3.560014e-001
8.304276813675696e-003	3.551354e-001
8.323808063675695e-003	3.528013e-001
8.343339313675695e-003	3.489858e-001
8.362870563675694e-003	3.436503e-001
8.382401813675694e-003	3.367141e-001
8.392167438675694e-003	3.326007e-001
8.401933063675694e-003	3.280168e-001
8.411698688675693e-003	3.229155e-001
8.421464313675693e-003	3.172260e-001
8.431229938675693e-003	3.108383e-001
8.440995563675693e-003	3.035692e-001
8.450761188675693e-003	2.950749e-001
8.460526813675692e-003	2.845875e-001
8.470292438675692e-003	2.706662e-001
8.477901700315095e-003	2.552724e-001
8.483473224936186e-003	2.381390e-001
8.490342290109898e-003	2.077257e-001
8.495276104770648e-003	1.783558e-001
8.500545183058124e-003	1.397788e-001
8.504225249790788e-003	1.100022e-001
8.508450079028200e-003	7.526253e-002
8.512361533381911e-003	4.460593e-002
8.516201515707138e-003	1.673559e-002
8.521180928987781e-003	-1.570710e-002
8.530721228572447e-003	-6.978755e-002
8.540486853572447e-003	-1.164492e-001
8.550252478572447e-003	-1.547063e-001
8.560018103572447e-003	-1.861309e-001
8.569783728572446e-003	-2.120809e-001
8.579549353572446e-003	-2.336512e-001
8.589314978572446e-003	-2.517124e-001
8.599080603572446e-003	-2.669538e-001
8.608846228572446e-003	-2.799187e-001
8.618611853572445e-003	-2.910340e-001
8.628377478572445e-003	-3.006343e-001
8.638143103572445e-003	-3.089815e-001
8.647908728572445e-003	-3.162799e-001
8.657674353572445e-003	-3.226886e-001
8.667439978572444e-003	-3.283314e-001
8.677205603572444e-003	-3.333045e-001
8.686971228572444e-003	-3.376821e-001
8.696736853572444e-003	-3.415216e-001
8.706502478572444e-003	-3.448673e-001
8.716268103572443e-003	-3.477528e-001
8.726033728572443e-003	-3.502042e-001
8.735799353572443e-003	-3.522410e-001
8.745564978572443e-003	-3.538781e-001
8.765096228572442e-003	-3.559943e-001
8.784627478572442e-003	-3.566099e-001
8.804158728572441e-003	-3.557522e-001
8.823689978572441e-003	-3.534274e-001
8.843221228572441e-003	-3.496220e-001
8.862752478572440e-003	-3.442979e-001
8.882283728572440e-003	-3.373750e-001
8.892049353572440e-003	-3.332692e-001
8.901814978572439e-003	-3.286941e-001
8.911580603572439e-003	-3.236031e-001
8.921346228572439e-003	-3.179262e-001
8.931111853572439e-003	-3.115544e-001
8.940877478572439e-003	-3.043073e-001
8.950643103572438e-003	-2.958467e-001
8.960408728572438e-003	-2.854218e-001
8.970174353572438e-003	-2.715969e-001
8.977925227423245e-003	-2.560339e-001
8.983560071830659e-003	-2.388107e-001
8.990507090963162e-003	-2.081531e-001
8.995533481981427e-003	-1.782729e-001
9.000859719050111e-003	-1.392910e-001
9.004547595589586e-003	-1.094588e-001
9.008797781604849e-003	-7.454252e-002
9.012680468252841e-003	-4.416353e-002
9.016521060598920e-003	-1.635011e-002
9.021514508851688e-003	1.610009e-002
9.031108292592656e-003	7.031704e-002
9.040873917592656e-003	1.168146e-001
9.050639542592656e-003	1.549226e-001
9.060405167592656e-003	1.862252e-001
9.070170792592655e-003	2.120759e-001
9.079936417592655e-003	2.335650e-001
9.089702042592655e-003	2.515597e-001
9.099467667592655e-003	2.667464e-001
9.109233292592655e-003	2.796658e-001
9.118998917592654e-003	2.907428e-001
9.128764542592654e-003	3.003107e-001
9.138530167592654e-003	3.086299e-001
9.148295792592654e-003	3.159037e-001
9.158061417592654e-003	3.222905e-001
9.167827042592653e-003	3.279136e-001
9.177592667592653e-003	3.328684e-001
9.187358292592653e-003	3.372290e-001
9.197123917592653e-003	3.410524e-001
9.206889542592653e-003	3.443825e-001
9.216655167592652e-003	3.472531e-001
9.226420792592652e-003	3.496899e-001
9.236186417592652e-003	3.517123e-001
9.245952042592652e-003	3.533351e-001
9.265483292592651e-003	3.554229e-001
9.285014542592651e-003	3.560102e-001
9.304545792592650e-003	3.551238e-001
9.324077042592650e-003	3.527696e-001
9.343608292592650e-003	3.489339e-001
9.363139542592649e-003	3.435776e-001
9.382670792592649e-003	3.366195e-001
9.392436417592649e-003	3.324942e-001
9.402202042592648e-003	3.278977e-001
9.411967667592648e-003	3.227823e-001
9.421733292592648e-003	3.170767e-001
9.431498917592648e-003	3.106695e-001
9.441264542592648e-003	3.033753e-001
9.451030167592647e-003	2.948443e-001
9.460795792592647e-003	2.842915e-001
9.470561417592647e-003	2.702661e-001
9.478064862314785e-003	2.549515e-001
9.483626739426402e-003	2.377186e-001
9.490450032404790e-003	2.073553e-001
9.495347396823691e-003	1.781089e-001
9.500622833186498e-003	1.394219e-001
9.504307025610769e-003	1.095974e-001
9.508523477582366e-003	7.493822e-002
9.512457008977246e-003	4.413219e-002
9.516281546312311e-003	1.640845e-002
9.521329572910615e-003	-1.641100e-002
9.530978425313572e-003	-7.094509e-002
9.540744050313571e-003	-1.174244e-001
9.550509675313571e-003	-1.555076e-001
9.560275300313571e-003	-1.867923e-001
9.570040925313571e-003	-2.126303e-001
9.579806550313571e-003	-2.341107e-001
9.589572175313570e-003	-2.520998e-001
9.599337800313570e-003	-2.672829e-001
9.609103425313570e-003	-2.802005e-001
9.618869050313570e-003	-2.912771e-001
9.628634675313570e-003	-3.008454e-001
9.638400300313569e-003	-3.091657e-001
9.648165925313569e-003	-3.164414e-001
9.657931550313569e-003	-3.228305e-001
9.667697175313569e-003	-3.284562e-001
9.677462800313568e-003	-3.334140e-001
9.687228425313568e-003	-3.377779e-001
9.696994050313568e-003	-3.416047e-001
9.706759675313568e-003	-3.449385e-001
9.716525300313568e-003	-3.478130e-001
9.726290925313567e-003	-3.502536e-001
9.736056550313567e-003	-3.522801e-001
9.745822175313567e-003	-3.539070e-001
9.765353425313567e-003	-3.560035e-001
9.784884675313566e-003	-3.565999e-001
9.804415925313566e-003	-3.557229e-001
9.823947175313565e-003	-3.533786e-001
9.843478425313565e-003	-3.495533e-001
9.863009675313565e-003	-3.442083e-001
9.882540925313564e-003	-3.372628e-001
9.892306550313564e-003	-3.331447e-001
9.902072175313564e-003	-3.285561e-001
9.911837800313563e-003	-3.234499e-001
9.921603425313563e-003	-3.177553e-001
9.931369050313563e-003	-3.113618e-001
9.941134675313563e-003	-3.040861e-001
9.950900300313563e-003	-2.955832e-001
9.960665925313562e-003	-2.850826e-001
9.970431550313562e-003	-2.711371e-001
9.978053310498735e-003	-2.556750e-001
9.983675657685435e-003	-2.383396e-001
9.990567994628314e-003	-2.077444e-001
9.995557772847332e-003	-1.782306e-001
1.000000000000000e-002	-1.468477e-001
