time	V(vo)
0.000000000000000e+000	4.499994e-013
5.735908426583725e-008	-1.843465e-008
1.147181685316745e-007	-6.754207e-009
1.720772527975118e-007	3.504178e-008
2.294363370633490e-007	1.069533e-007
2.867954213291862e-007	2.089804e-007
3.441545055950235e-007	3.411230e-007
4.015135898608607e-007	5.033812e-007
4.970601494188736e-007	1.005251e-006
5.985425236631427e-007	1.869740e-006
7.271564385300501e-007	3.581563e-006
8.845340827960930e-007	6.831141e-006
1.086624459211866e-006	1.329793e-005
1.338782094269823e-006	2.581426e-005
1.663814009662626e-006	5.083034e-005
2.077235383481702e-006	1.001909e-004
2.615011672000717e-006	1.997910e-004
3.311502144702019e-006	4.000043e-004
4.229640177495321e-006	8.097829e-004
5.444261418326315e-006	1.652152e-003
7.082858472340105e-006	3.419864e-003
9.332063090836854e-006	7.203496e-003
1.254114946589292e-005	1.567290e-002
1.742734962271932e-005	3.634560e-002
2.626271922257768e-005	9.263764e-002
3.602834422257768e-005	1.782316e-001
4.579396922257768e-005	2.862995e-001
5.555959422257768e-005	4.121178e-001
6.532521922257768e-005	5.507926e-001
7.509084422257767e-005	6.982480e-001
8.485646922257767e-005	8.511553e-001
9.462209422257766e-005	1.006798e+000
1.043877192225777e-004	1.162944e+000
1.141533442225777e-004	1.317746e+000
1.239189692225777e-004	1.469650e+000
1.336845942225777e-004	1.617244e+000
1.434502192225777e-004	1.760049e+000
1.468217002825870e-004	1.807092e+000
1.501551826813067e-004	1.851174e+000
1.517801118913600e-004	1.871612e+000
1.539424286855652e-004	1.897558e+000
1.557911464918882e-004	1.918801e+000
1.581119846977426e-004	1.944176e+000
1.637301928161069e-004	2.000261e+000
1.679836565066024e-004	2.038044e+000
1.729510675444591e-004	2.077300e+000
1.815322737888879e-004	2.135363e+000
1.909950115275662e-004	2.188354e+000
2.007606365275662e-004	2.232076e+000
2.105262615275662e-004	2.266645e+000
2.202918865275662e-004	2.293831e+000
2.300575115275662e-004	2.315132e+000
2.398231365275662e-004	2.331734e+000
2.495887615275662e-004	2.344564e+000
2.593543865275662e-004	2.354339e+000
2.691200115275662e-004	2.361603e+000
2.788856365275662e-004	2.366748e+000
2.886512615275662e-004	2.370025e+000
2.984168865275662e-004	2.371550e+000
3.081825115275662e-004	2.371287e+000
3.179481365275662e-004	2.369020e+000
3.277137615275663e-004	2.364346e+000
3.365418830657281e-004	2.357725e+000
3.409472919667433e-004	2.353060e+000
3.441460575593723e-004	2.348494e+000
3.471361557433758e-004	2.342805e+000
3.509551376868787e-004	2.333088e+000
3.554887081738797e-004	2.317403e+000
3.623617913799232e-004	2.285118e+000
3.709507487240183e-004	2.231823e+000
3.807163737240183e-004	2.155050e+000
3.904819987240183e-004	2.062449e+000
4.002476237240184e-004	1.955364e+000
4.100132487240184e-004	1.835529e+000
4.197788737240184e-004	1.704447e+000
4.295444987240184e-004	1.563432e+000
4.393101237240184e-004	1.413649e+000
4.490757487240184e-004	1.256149e+000
4.588413737240184e-004	1.091900e+000
4.686069987240184e-004	9.218130e-001
4.783726237240184e-004	7.467504e-001
4.881382487240184e-004	5.675451e-001
4.979038737240184e-004	3.850056e-001
5.076694987240184e-004	1.999232e-001
5.174351237240185e-004	1.307570e-002
5.369663737240185e-004	-3.628579e-001
5.564976237240185e-004	-7.367800e-001
5.760288737240185e-004	-1.102850e+000
5.857944987240185e-004	-1.281172e+000
5.955601237240185e-004	-1.456164e+000
5.994699710427907e-004	-1.525175e+000
5.998365192289256e-004	-1.531567e+000
6.003252501437721e-004	-1.540069e+000
6.010236879092760e-004	-1.552193e+000
6.024205634402838e-004	-1.576372e+000
6.034540749797232e-004	-1.594198e+000
6.046523819090229e-004	-1.614794e+000
6.052568761625820e-004	-1.625156e+000
6.062159854406734e-004	-1.641537e+000
6.072371260265644e-004	-1.658914e+000
6.079430574343135e-004	-1.670866e+000
6.088259494359402e-004	-1.685684e+000
6.096604669163803e-004	-1.699526e+000
6.105898059576119e-004	-1.714677e+000
6.124484840400752e-004	-1.744251e+000
6.151002976280185e-004	-1.785157e+000
6.182090109810271e-004	-1.831545e+000
6.213309005788097e-004	-1.876632e+000
6.274755787405358e-004	-1.962851e+000
6.340111892789721e-004	-2.052439e+000
6.384323187687087e-004	-2.111673e+000
6.414339464699683e-004	-2.150442e+000
6.460924109042328e-004	-2.207525e+000
6.491609967341903e-004	-2.242510e+000
6.527078704072880e-004	-2.279491e+000
6.569247124309064e-004	-2.318684e+000
6.653583964781432e-004	-2.385665e+000
6.750678769910304e-004	-2.448896e+000
6.848335019910304e-004	-2.498867e+000
6.945991269910304e-004	-2.537636e+000
7.043647519910304e-004	-2.567656e+000
7.141303769910304e-004	-2.590879e+000
7.238960019910304e-004	-2.608828e+000
7.336616269910304e-004	-2.622692e+000
7.434272519910304e-004	-2.633392e+000
7.531928769910304e-004	-2.641645e+000
7.629585019910305e-004	-2.648001e+000
7.727241269910305e-004	-2.652886e+000
7.824897519910305e-004	-2.656619e+000
7.922553769910305e-004	-2.659429e+000
8.020210019910305e-004	-2.661458e+000
8.117866269910305e-004	-2.662722e+000
8.215522519910305e-004	-2.663013e+000
8.313178769910305e-004	-2.661689e+000
8.393877263651274e-004	-2.658031e+000
8.456485578934280e-004	-2.651085e+000
8.526098695443798e-004	-2.636429e+000
8.584403502805813e-004	-2.616466e+000
8.658270618233504e-004	-2.582221e+000
8.684800794851843e-004	-2.567704e+000
8.722483943785546e-004	-2.545497e+000
8.736521318397561e-004	-2.537163e+000
8.747579781723870e-004	-2.530545e+000
8.760342831371653e-004	-2.522792e+000
8.772107850240207e-004	-2.515513e+000
8.781566746353707e-004	-2.509540e+000
8.791703627495505e-004	-2.503002e+000
8.801721635424804e-004	-2.496401e+000
8.811744148411110e-004	-2.489636e+000
8.823882798708795e-004	-2.481217e+000
8.838684492444101e-004	-2.470634e+000
8.853133718557392e-004	-2.459936e+000
8.870672542332467e-004	-2.446438e+000
8.889907243496424e-004	-2.430857e+000
8.928376645824339e-004	-2.397389e+000
8.985503503089154e-004	-2.342355e+000
9.083159753089154e-004	-2.236438e+000
9.180816003089154e-004	-2.117493e+000
9.278472253089154e-004	-1.985572e+000
9.376128503089154e-004	-1.842424e+000
9.473784753089154e-004	-1.689615e+000
9.571441003089154e-004	-1.528531e+000
9.669097253089154e-004	-1.360401e+000
9.766753503089153e-004	-1.186339e+000
9.864409753089153e-004	-1.007367e+000
9.962066003089153e-004	-8.244410e-001
1.005972225308915e-003	-6.384638e-001
1.015737850308915e-003	-4.502992e-001
1.025503475308915e-003	-2.607804e-001
1.045034725308915e-003	1.191086e-001
1.054800350308915e-003	3.079226e-001
1.064565975308915e-003	4.949753e-001
1.084097225308915e-003	8.608758e-001
1.103628475308915e-003	1.211157e+000
1.123159725308916e-003	1.540475e+000
1.132925350308916e-003	1.696665e+000
1.136297935980115e-003	1.748573e+000
1.138578527593781e-003	1.782206e+000
1.140317939591072e-003	1.806833e+000
1.142403711458042e-003	1.835168e+000
1.144539247994297e-003	1.862809e+000
1.147692695632283e-003	1.901409e+000
1.150485959780867e-003	1.933500e+000
1.153731014363599e-003	1.967888e+000
1.158863266618397e-003	2.016998e+000
1.165791313684000e-003	2.075414e+000
1.172618589664722e-003	2.124245e+000
1.182384214664722e-003	2.181694e+000
1.192149839664722e-003	2.228068e+000
1.201915464664722e-003	2.264625e+000
1.211681089664722e-003	2.293384e+000
1.221446714664722e-003	2.315953e+000
1.231212339664722e-003	2.333606e+000
1.240977964664722e-003	2.347342e+000
1.250743589664722e-003	2.357939e+000
1.260509214664722e-003	2.366000e+000
1.270274839664722e-003	2.371983e+000
1.280040464664722e-003	2.376222e+000
1.289806089664722e-003	2.378942e+000
1.299571714664722e-003	2.380255e+000
1.309337339664722e-003	2.380152e+000
1.319102964664722e-003	2.378564e+000
1.327154029239796e-003	2.375901e+000
1.334478770516729e-003	2.372019e+000
1.342088098741292e-003	2.366287e+000
1.347425290694747e-003	2.360914e+000
1.351001308879311e-003	2.356269e+000
1.353536618565108e-003	2.352095e+000
1.355963319976993e-003	2.346862e+000
1.360330569091811e-003	2.334491e+000
1.364779059459375e-003	2.317435e+000
1.372044928131846e-003	2.279603e+000
1.380906632141514e-003	2.219207e+000
1.390672257141514e-003	2.135608e+000
1.400437882141514e-003	2.035746e+000
1.410203507141514e-003	1.921310e+000
1.419969132141514e-003	1.794204e+000
1.429734757141514e-003	1.656067e+000
1.439500382141514e-003	1.508320e+000
1.449266007141514e-003	1.352214e+000
1.459031632141514e-003	1.188871e+000
1.468797257141514e-003	1.019316e+000
1.478562882141514e-003	8.445049e-001
1.488328507141514e-003	6.653392e-001
1.498094132141514e-003	4.826809e-001
1.507859757141514e-003	2.973622e-001
1.517625382141514e-003	1.101925e-001
1.537156632141514e-003	-2.665525e-001
1.556687882141514e-003	-6.414056e-001
1.576219132141514e-003	-1.008443e+000
1.585984757141514e-003	-1.187248e+000
1.595750382141514e-003	-1.361988e+000
1.605516007141514e-003	-1.533243e+000
1.606208959623252e-003	-1.545198e+000
1.607594864586728e-003	-1.568840e+000
1.607942857818022e-003	-1.574780e+000
1.608290851049315e-003	-1.580711e+000
1.608638844280609e-003	-1.586633e+000
1.608986837511902e-003	-1.592545e+000
1.609334830743196e-003	-1.598448e+000
1.609682823974489e-003	-1.604342e+000
1.610030817205783e-003	-1.610225e+000
1.610255081687653e-003	-1.614012e+000
1.610703610651394e-003	-1.621577e+000
1.611217065624022e-003	-1.630223e+000
1.611668672273737e-003	-1.637815e+000
1.612664410146312e-003	-1.654502e+000
1.613678717986779e-003	-1.671432e+000
1.614396888749513e-003	-1.683354e+000
1.615242341593547e-003	-1.697263e+000
1.616051580756308e-003	-1.710416e+000
1.617028896951799e-003	-1.726020e+000
1.618983529342780e-003	-1.756428e+000
1.621850310252594e-003	-1.799538e+000
1.625271895477878e-003	-1.849174e+000
1.628389196707636e-003	-1.892838e+000
1.634623799167153e-003	-1.977462e+000
1.641669385267473e-003	-2.070639e+000
1.646522799599566e-003	-2.133143e+000
1.649773596825582e-003	-2.173296e+000
1.654634906975678e-003	-2.229985e+000
1.657745197110002e-003	-2.263566e+000
1.661563168671124e-003	-2.301055e+000
1.666144144997818e-003	-2.340838e+000
1.675306097651205e-003	-2.408244e+000
1.685071722651205e-003	-2.466729e+000
1.694837347651205e-003	-2.512417e+000
1.704602972651205e-003	-2.547858e+000
1.714368597651205e-003	-2.575312e+000
1.724134222651205e-003	-2.596557e+000
1.733899847651205e-003	-2.612982e+000
1.743665472651205e-003	-2.625669e+000
1.753431097651205e-003	-2.635456e+000
1.763196722651205e-003	-2.642988e+000
1.772962347651205e-003	-2.648762e+000
1.782727972651205e-003	-2.653140e+000
1.792493597651205e-003	-2.656373e+000
1.802259222651205e-003	-2.658578e+000
1.812024847651205e-003	-2.659665e+000
1.821790472651205e-003	-2.659009e+000
1.831556097651205e-003	-2.655247e+000
1.838288681774251e-003	-2.648171e+000
1.845769143951584e-003	-2.632644e+000
1.852035324795692e-003	-2.611587e+000
1.858816942211709e-003	-2.580745e+000
1.861832284950645e-003	-2.564566e+000
1.865191538214437e-003	-2.545211e+000
1.866591296342575e-003	-2.537092e+000
1.867727472643901e-003	-2.530495e+000
1.869161793621647e-003	-2.522102e+000
1.870280487969460e-003	-2.515456e+000
1.871335478405989e-003	-2.509078e+000
1.872135904639210e-003	-2.504154e+000
1.872996008536102e-003	-2.498767e+000
1.873856794882840e-003	-2.493277e+000
1.874821922211573e-003	-2.486970e+000
1.876462643695292e-003	-2.475944e+000
1.877939758036415e-003	-2.465685e+000
1.879515576584312e-003	-2.454321e+000
1.881279883480305e-003	-2.441094e+000
1.883145228189498e-003	-2.426384e+000
1.886875917607884e-003	-2.394552e+000
1.894337296444657e-003	-2.323657e+000
1.904102921444657e-003	-2.218812e+000
1.913868546444657e-003	-2.100727e+000
1.923634171444657e-003	-1.970112e+000
1.933399796444657e-003	-1.828569e+000
1.943165421444657e-003	-1.677534e+000
1.952931046444657e-003	-1.518283e+000
1.962696671444657e-003	-1.351962e+000
1.972462296444657e-003	-1.179618e+000
1.982227921444656e-003	-1.002221e+000
1.991993546444656e-003	-8.206857e-001
2.001759171444656e-003	-6.358835e-001
2.011524796444656e-003	-4.486544e-001
2.031056046444655e-003	-7.015471e-002
2.040821671444655e-003	1.195433e-001
2.060352921444655e-003	4.960217e-001
2.079884171444654e-003	8.636953e-001
2.099415421444654e-003	1.216896e+000
2.109181046444654e-003	1.386375e+000
2.118946671444653e-003	1.550092e+000
2.128712296444653e-003	1.708132e+000
2.131786699610405e-003	1.755603e+000
2.134932259745295e-003	1.801722e+000
2.136397189419798e-003	1.822222e+000
2.138384864955812e-003	1.848866e+000
2.139957569652555e-003	1.869157e+000
2.141935773792869e-003	1.893597e+000
2.146685566423774e-003	1.947909e+000
2.150447005400919e-003	1.986743e+000
2.154885704972238e-003	2.028229e+000
2.161739140581156e-003	2.084196e+000
2.170311025730703e-003	2.143219e+000
2.180076650730702e-003	2.197938e+000
2.189842275730702e-003	2.241514e+000
2.199607900730702e-003	2.275841e+000
2.209373525730702e-003	2.302838e+000
2.219139150730702e-003	2.324027e+000
2.228904775730701e-003	2.340611e+000
2.238670400730701e-003	2.353530e+000
2.248436025730701e-003	2.363519e+000
2.258201650730701e-003	2.371144e+000
2.267967275730701e-003	2.376841e+000
2.277732900730700e-003	2.380937e+000
2.287498525730700e-003	2.383662e+000
2.297264150730700e-003	2.385156e+000
2.307029775730700e-003	2.385458e+000
2.316795400730700e-003	2.384528e+000
2.325539410255230e-003	2.382419e+000
2.334781580193767e-003	2.378646e+000
2.341756648111797e-003	2.374355e+000
2.349220967659056e-003	2.368005e+000
2.353843179194306e-003	2.362867e+000
2.357079234245776e-003	2.358268e+000
2.359616685241598e-003	2.353724e+000
2.362069823277533e-003	2.347952e+000
2.366725223143712e-003	2.333531e+000
2.371333264502731e-003	2.314228e+000
2.378894508432231e-003	2.271241e+000
2.388427787782504e-003	2.200848e+000
2.398193412782503e-003	2.111125e+000
2.407959037782503e-003	2.004922e+000
2.417724662782503e-003	1.884378e+000
2.427490287782503e-003	1.751466e+000
2.437255912782503e-003	1.607877e+000
2.447021537782502e-003	1.455070e+000
2.456787162782502e-003	1.294331e+000
2.466552787782502e-003	1.126809e+000
2.476318412782502e-003	9.535530e-001
2.495849662782501e-003	5.936821e-001
2.505615287782501e-003	4.088589e-001
2.515380912782501e-003	2.219108e-001
2.525146537782501e-003	3.365383e-002
2.544677787782500e-003	-3.436241e-001
2.564209037782500e-003	-7.168213e-001
2.573974662782500e-003	-9.000382e-001
2.583740287782499e-003	-1.080049e+000
2.593505912782499e-003	-1.256160e+000
2.603271537782499e-003	-1.428337e+000
2.608400072546054e-003	-1.517137e+000
2.608433451147128e-003	-1.517705e+000
2.608602387740320e-003	-1.520582e+000
2.608771324333512e-003	-1.523457e+000
2.608940260926704e-003	-1.526330e+000
2.609109197519896e-003	-1.529201e+000
2.609278134113088e-003	-1.532069e+000
2.609447070706280e-003	-1.534936e+000
2.609616007299472e-003	-1.537800e+000
2.610836710424472e-003	-1.558452e+000
2.612206225309298e-003	-1.581524e+000
2.612467036282424e-003	-1.585916e+000
2.612727847255549e-003	-1.590301e+000
2.612988658228674e-003	-1.594680e+000
2.613249469201800e-003	-1.599053e+000
2.613510280174926e-003	-1.603421e+000
2.613771091148051e-003	-1.607781e+000
2.614031902121177e-003	-1.612136e+000
2.614397180170290e-003	-1.618227e+000
2.615127736268518e-003	-1.630385e+000
2.615683323178109e-003	-1.639613e+000
2.616169946364962e-003	-1.647676e+000
2.617297160629786e-003	-1.666287e+000
2.618491861591611e-003	-1.685912e+000
2.619247463822531e-003	-1.698239e+000
2.619966294235651e-003	-1.709831e+000
2.622088379911197e-003	-1.743263e+000
2.624004153555857e-003	-1.772429e+000
2.626136877456151e-003	-1.803924e+000
2.629030898533284e-003	-1.845268e+000
2.632053874574185e-003	-1.887004e+000
2.638099826655987e-003	-1.967720e+000
2.645073347176767e-003	-2.058045e+000
2.651530531300478e-003	-2.139253e+000
2.655122447649279e-003	-2.182650e+000
2.659449026433158e-003	-2.232015e+000
2.662997330431262e-003	-2.269554e+000
2.666938268858111e-003	-2.307557e+000
2.671379203099378e-003	-2.345660e+000
2.679082260025150e-003	-2.402203e+000
2.688847885025150e-003	-2.461205e+000
2.698613510025150e-003	-2.507877e+000
2.708379135025149e-003	-2.544117e+000
2.718144760025149e-003	-2.572213e+000
2.727910385025149e-003	-2.593967e+000
2.737676010025149e-003	-2.610792e+000
2.747441635025149e-003	-2.623785e+000
2.757207260025148e-003	-2.633800e+000
2.766972885025148e-003	-2.641487e+000
2.776738510025148e-003	-2.647336e+000
2.786504135025148e-003	-2.651693e+000
2.796269760025148e-003	-2.654753e+000
2.806035385025147e-003	-2.656496e+000
2.815801010025147e-003	-2.656402e+000
2.825566635025147e-003	-2.653244e+000
2.832523952785394e-003	-2.646532e+000
2.840307551959251e-003	-2.631246e+000
2.846937873322897e-003	-2.609529e+000
2.854881959743597e-003	-2.573923e+000
2.857774444657413e-003	-2.558600e+000
2.861773742212271e-003	-2.535863e+000
2.863279999648056e-003	-2.527268e+000
2.864444947260052e-003	-2.520592e+000
2.865623249026743e-003	-2.513754e+000
2.866828284429208e-003	-2.506629e+000
2.868269511120659e-003	-2.497923e+000
2.869333960253247e-003	-2.491342e+000
2.870408532015526e-003	-2.484529e+000
2.871602720390427e-003	-2.476766e+000
2.872815790262692e-003	-2.468653e+000
2.874328558303213e-003	-2.458225e+000
2.875669234997323e-003	-2.448658e+000
2.877557751437954e-003	-2.434647e+000
2.879621478695053e-003	-2.418509e+000
2.883748933209249e-003	-2.383786e+000
2.889567856183951e-003	-2.329572e+000
2.899333481183951e-003	-2.227210e+000
2.909099106183951e-003	-2.112363e+000
2.918864731183950e-003	-1.984986e+000
2.928630356183950e-003	-1.846601e+000
2.938395981183950e-003	-1.698585e+000
2.948161606183950e-003	-1.542168e+000
2.957927231183950e-003	-1.378458e+000
2.967692856183949e-003	-1.208473e+000
2.977458481183949e-003	-1.033158e+000
2.987224106183949e-003	-8.534098e-001
2.996989731183949e-003	-6.700847e-001
3.016520981183948e-003	-2.959947e-001
3.036052231183948e-003	8.272614e-002
3.055583481183948e-003	4.599371e-001
3.075114731183947e-003	8.297048e-001
3.094645981183947e-003	1.186327e+000
3.104411606183946e-003	1.357998e+000
3.114177231183946e-003	1.524362e+000
3.123942856183946e-003	1.685679e+000
3.127015003447661e-003	1.734501e+000
3.129631217126656e-003	1.774276e+000
3.131114803681830e-003	1.795920e+000
3.132988274099399e-003	1.822209e+000
3.134623713078605e-003	1.844307e+000
3.136699680035521e-003	1.871191e+000
3.141413749177196e-003	1.927687e+000
3.144683553320927e-003	1.963376e+000
3.148562763078775e-003	2.002119e+000
3.154484256991816e-003	2.054756e+000
3.161796880505836e-003	2.110503e+000
3.171562505505836e-003	2.171983e+000
3.181328130505836e-003	2.221433e+000
3.191093755505835e-003	2.260416e+000
3.200859380505835e-003	2.291104e+000
3.210625005505835e-003	2.315228e+000
3.220390630505835e-003	2.334156e+000
3.230156255505835e-003	2.348962e+000
3.239921880505834e-003	2.360486e+000
3.249687505505834e-003	2.369381e+000
3.259453130505834e-003	2.376154e+000
3.269218755505834e-003	2.381192e+000
3.278984380505833e-003	2.384785e+000
3.288750005505833e-003	2.387140e+000
3.298515630505833e-003	2.388383e+000
3.308281255505833e-003	2.388552e+000
3.318046880505833e-003	2.387575e+000
3.327812505505832e-003	2.385368e+000
3.334874938541795e-003	2.382693e+000
3.343009674393475e-003	2.378147e+000
3.349765815064494e-003	2.372823e+000
3.356819140811981e-003	2.365400e+000
3.360170274765679e-003	2.360824e+000
3.362788028054892e-003	2.356229e+000
3.365287086073135e-003	2.350525e+000
3.369317443318666e-003	2.338533e+000
3.373500332580862e-003	2.321678e+000
3.381143077602783e-003	2.280177e+000
3.389282101434427e-003	2.222431e+000
3.399047726434427e-003	2.135363e+000
3.408813351434427e-003	2.031657e+000
3.418578976434427e-003	1.912863e+000
3.428344601434426e-003	1.781120e+000
3.438110226434426e-003	1.638264e+000
3.447875851434426e-003	1.485869e+000
3.457641476434426e-003	1.325309e+000
3.467407101434426e-003	1.157802e+000
3.477172726434425e-003	9.844506e-001
3.486938351434425e-003	8.062702e-001
3.506469601434425e-003	4.391682e-001
3.516235226434425e-003	2.520061e-001
3.526000851434424e-003	6.355377e-002
3.545532101434424e-003	-3.140189e-001
3.565063351434424e-003	-6.873390e-001
3.574828976434423e-003	-8.705426e-001
3.584594601434423e-003	-1.050486e+000
3.594360226434423e-003	-1.226477e+000
3.604125851434423e-003	-1.397838e+000
3.605526347712913e-003	-1.422374e+000
3.606926843991403e-003	-1.446740e+000
3.608327340269894e-003	-1.470937e+000
3.609727836548384e-003	-1.494963e+000
3.611128332826875e-003	-1.518820e+000
3.612528829105365e-003	-1.542507e+000
3.613929325383855e-003	-1.566025e+000
3.614196354192448e-003	-1.570489e+000
3.614501529973699e-003	-1.575585e+000
3.615111881536199e-003	-1.585754e+000
3.616332584661199e-003	-1.606028e+000
3.617402898823304e-003	-1.623737e+000
3.618411348898129e-003	-1.640356e+000
3.619041601158516e-003	-1.650709e+000
3.619982917340686e-003	-1.666109e+000
3.620993493056471e-003	-1.682573e+000
3.621736906881884e-003	-1.694627e+000
3.622548278050627e-003	-1.707678e+000
3.623328838939456e-003	-1.720095e+000
3.624184265817062e-003	-1.733497e+000
3.625618813565319e-003	-1.755456e+000
3.628337538930299e-003	-1.795802e+000
3.631148832099196e-003	-1.835926e+000
3.635253201233939e-003	-1.892216e+000
3.639466993754639e-003	-1.948021e+000
3.645820393683222e-003	-2.029242e+000
3.655180248771346e-003	-2.145108e+000
3.659473953632409e-003	-2.195904e+000
3.663910073294518e-003	-2.245069e+000
3.667590788455396e-003	-2.282691e+000
3.671715204637300e-003	-2.320992e+000
3.676216114011902e-003	-2.357886e+000
3.684978905948904e-003	-2.418843e+000
3.694744530948904e-003	-2.474370e+000
3.704510155948903e-003	-2.517930e+000
3.714275780948903e-003	-2.551751e+000
3.724041405948903e-003	-2.577970e+000
3.733807030948903e-003	-2.598269e+000
3.743572655948903e-003	-2.613962e+000
3.753338280948902e-003	-2.626067e+000
3.763103905948902e-003	-2.635370e+000
3.772869530948902e-003	-2.642462e+000
3.782635155948902e-003	-2.647767e+000
3.792400780948902e-003	-2.651544e+000
3.802166405948901e-003	-2.653819e+000
3.811932030948901e-003	-2.654122e+000
3.821697655948901e-003	-2.651269e+000
3.828795369860339e-003	-2.644652e+000
3.836683884104240e-003	-2.629425e+000
3.843645882457349e-003	-2.607131e+000
3.850986083877267e-003	-2.574895e+000
3.854328330313206e-003	-2.557467e+000
3.857903287141798e-003	-2.537447e+000
3.859385051652630e-003	-2.529111e+000
3.860630019840580e-003	-2.522111e+000
3.862081889086052e-003	-2.513884e+000
3.863435905261268e-003	-2.506084e+000
3.864708070596960e-003	-2.498614e+000
3.865545912768318e-003	-2.493594e+000
3.866524651700316e-003	-2.487609e+000
3.867529398825850e-003	-2.481334e+000
3.868671767676551e-003	-2.474022e+000
3.870022402700307e-003	-2.465119e+000
3.871691227977910e-003	-2.453754e+000
3.873202729224751e-003	-2.443074e+000
3.877270635139121e-003	-2.412198e+000
3.881680099700576e-003	-2.374894e+000
3.889443924049464e-003	-2.301612e+000
3.899209549049464e-003	-2.197567e+000
3.908975174049464e-003	-2.080772e+000
3.918740799049464e-003	-1.951941e+000
3.928506424049464e-003	-1.812504e+000
3.938272049049464e-003	-1.663748e+000
3.948037674049464e-003	-1.506831e+000
3.957803299049463e-003	-1.342805e+000
3.967568924049463e-003	-1.172640e+000
3.977334549049463e-003	-9.972500e-001
3.996865799049463e-003	-6.342362e-001
4.016397049049462e-003	-2.603734e-001
4.035928299049462e-003	1.180391e-001
4.055459549049461e-003	4.949111e-001
4.074990799049461e-003	8.643387e-001
4.094522049049460e-003	1.220639e+000
4.104287674049460e-003	1.392158e+000
4.114053299049460e-003	1.558461e+000
4.122421173491929e-003	1.696515e+000
4.125277626671892e-003	1.741685e+000
4.128112910661876e-003	1.784384e+000
4.129949580977606e-003	1.810839e+000
4.131681311712577e-003	1.834730e+000
4.133492315642667e-003	1.858756e+000
4.135270039777058e-003	1.881303e+000
4.140887078225584e-003	1.946844e+000
4.144917203168379e-003	1.988789e+000
4.149562113635224e-003	2.031988e+000
4.158005788162470e-003	2.099339e+000
4.167771413162470e-003	2.163809e+000
4.177537038162470e-003	2.215240e+000
4.187302663162470e-003	2.255789e+000
4.197068288162470e-003	2.287717e+000
4.206833913162469e-003	2.312827e+000
4.216599538162469e-003	2.332545e+000
4.226365163162469e-003	2.347990e+000
4.236130788162469e-003	2.360037e+000
4.245896413162469e-003	2.369371e+000
4.255662038162468e-003	2.376519e+000
4.265427663162468e-003	2.381890e+000
4.275193288162468e-003	2.385792e+000
4.284958913162468e-003	2.388453e+000
4.294724538162468e-003	2.390028e+000
4.304490163162467e-003	2.390594e+000
4.314255788162467e-003	2.390136e+000
4.324021413162467e-003	2.388523e+000
4.333787038162467e-003	2.385455e+000
4.343552663162466e-003	2.380391e+000
4.353318288162466e-003	2.372914e+000
4.358810055199952e-003	2.367096e+000
4.362685325746823e-003	2.361708e+000
4.365241794864782e-003	2.357178e+000
4.367663389988099e-003	2.351530e+000
4.372010450107227e-003	2.338214e+000
4.376432913750222e-003	2.319965e+000
4.383455227130989e-003	2.280720e+000
4.392413277311712e-003	2.215380e+000
4.402178902311712e-003	2.126218e+000
4.411944527311712e-003	2.020018e+000
4.421710152311712e-003	1.898817e+000
4.431475777311711e-003	1.764789e+000
4.441241402311711e-003	1.619791e+000
4.451007027311711e-003	1.465416e+000
4.460772652311711e-003	1.303053e+000
4.470538277311711e-003	1.133932e+000
4.480303902311710e-003	9.591672e-001
4.490069527311710e-003	7.797809e-001
4.499835152311710e-003	5.967287e-001
4.519366402311710e-003	2.232041e-001
4.529132027311709e-003	3.442874e-002
4.548663277311709e-003	-3.431076e-001
4.568194527311708e-003	-7.154847e-001
4.577960152311708e-003	-8.978817e-001
4.587725777311708e-003	-1.076800e+000
4.597491402311708e-003	-1.251551e+000
4.607257027311708e-003	-1.421755e+000
4.608373072270535e-003	-1.441145e+000
4.609489117229362e-003	-1.460416e+000
4.610605162188189e-003	-1.479568e+000
4.611721207147017e-003	-1.498600e+000
4.612837252105844e-003	-1.517512e+000
4.613953297064671e-003	-1.536305e+000
4.615069342023498e-003	-1.554978e+000
4.615336370832092e-003	-1.559429e+000
4.615641546613342e-003	-1.564509e+000
4.616251898175842e-003	-1.574646e+000
4.617341778323902e-003	-1.592688e+000
4.618765343814751e-003	-1.616146e+000
4.620162137564981e-003	-1.639054e+000
4.620947549716262e-003	-1.651877e+000
4.621718651189502e-003	-1.664417e+000
4.622467849083604e-003	-1.676561e+000
4.623189434394760e-003	-1.688219e+000
4.623883981427881e-003	-1.699384e+000
4.624751141121417e-003	-1.713210e+000
4.625602787610127e-003	-1.726628e+000
4.626504417534880e-003	-1.740605e+000
4.627988965746004e-003	-1.763049e+000
4.630958062168250e-003	-1.806488e+000
4.633904552812115e-003	-1.847914e+000
4.637874240853724e-003	-1.901463e+000
4.642916913483820e-003	-1.967122e+000
4.648950142963256e-003	-2.043022e+000
4.657498677976354e-003	-2.147174e+000
4.661814819659834e-003	-2.197594e+000
4.666103624707697e-003	-2.244656e+000
4.670147952194170e-003	-2.285597e+000
4.674465575029020e-003	-2.325290e+000
4.678852726724975e-003	-2.360927e+000
4.686986244749947e-003	-2.417200e+000
4.696751869749946e-003	-2.472714e+000
4.706517494749946e-003	-2.516503e+000
4.716283119749946e-003	-2.550519e+000
4.726048744749946e-003	-2.576896e+000
4.735814369749946e-003	-2.597321e+000
4.745579994749945e-003	-2.613108e+000
4.755345619749945e-003	-2.625277e+000
4.765111244749945e-003	-2.634609e+000
4.774876869749945e-003	-2.641686e+000
4.784642494749945e-003	-2.646912e+000
4.794408119749944e-003	-2.650490e+000
4.804173744749944e-003	-2.652304e+000
4.813939369749944e-003	-2.651723e+000
4.821970357305712e-003	-2.647719e+000
4.829542918470228e-003	-2.637948e+000
4.837343136400850e-003	-2.619185e+000
4.844230390194185e-003	-2.594139e+000
4.849647030301146e-003	-2.568820e+000
4.852401458832193e-003	-2.554157e+000
4.855846595355372e-003	-2.534979e+000
4.857652517013682e-003	-2.524924e+000
4.858707507735136e-003	-2.519058e+000
4.860145316726181e-003	-2.511003e+000
4.861216821682520e-003	-2.504915e+000
4.862276220468252e-003	-2.498793e+000
4.863101724367542e-003	-2.493945e+000
4.863875358137186e-003	-2.489326e+000
4.864660296704701e-003	-2.484558e+000
4.865642796484124e-003	-2.478459e+000
4.867132973480157e-003	-2.468974e+000
4.868411302104613e-003	-2.460586e+000
4.870018780184508e-003	-2.449685e+000
4.871384597220655e-003	-2.440089e+000
4.875762664478135e-003	-2.406921e+000
4.880721833062669e-003	-2.364717e+000
4.889419876482225e-003	-2.281722e+000
4.899185501482225e-003	-2.176386e+000
4.908951126482225e-003	-2.058294e+000
4.918716751482225e-003	-1.928492e+000
4.928482376482224e-003	-1.788345e+000
4.938248001482224e-003	-1.639086e+000
4.948013626482224e-003	-1.481823e+000
4.957779251482224e-003	-1.317571e+000
4.967544876482224e-003	-1.147273e+000
4.977310501482223e-003	-9.718201e-001
4.996841751482223e-003	-6.088271e-001
5.016373001482223e-003	-2.351083e-001
5.026138626482222e-003	-4.618584e-002
5.045669876482222e-003	3.319729e-001
5.065201126482222e-003	7.055901e-001
5.084732376482221e-003	1.068882e+000
5.104263626482221e-003	1.416296e+000
5.114029251482220e-003	1.583034e+000
5.119594150305617e-003	1.675586e+000
5.122290798541668e-003	1.719041e+000
5.124808712956630e-003	1.758216e+000
5.126255500601597e-003	1.779899e+000
5.128037389208360e-003	1.805622e+000
5.129785070549033e-003	1.829908e+000
5.132016099801454e-003	1.859551e+000
5.134476224305283e-003	1.890548e+000
5.137608131094712e-003	1.927511e+000
5.141420711631012e-003	1.969065e+000
5.146040413404633e-003	2.014287e+000
5.153415664090637e-003	2.077247e+000
5.161459721845711e-003	2.135058e+000
5.171225346845711e-003	2.192121e+000
5.180990971845711e-003	2.237731e+000
5.190756596845710e-003	2.273666e+000
5.200522221845710e-003	2.301948e+000
5.210287846845710e-003	2.324180e+000
5.220053471845710e-003	2.341625e+000
5.229819096845710e-003	2.355273e+000
5.239584721845709e-003	2.365898e+000
5.249350346845709e-003	2.374099e+000
5.259115971845709e-003	2.380343e+000
5.268881596845709e-003	2.384987e+000
5.278647221845709e-003	2.388299e+000
5.288412846845708e-003	2.390474e+000
5.298178471845708e-003	2.391638e+000
5.307944096845708e-003	2.391841e+000
5.317709721845708e-003	2.391045e+000
5.327475346845708e-003	2.389128e+000
5.336222039625975e-003	2.386160e+000
5.345054589378505e-003	2.381647e+000
5.351677811908042e-003	2.376801e+000
5.358872611822796e-003	2.369744e+000
5.362767135243389e-003	2.364829e+000
5.365592024243941e-003	2.360259e+000
5.368299615387378e-003	2.354653e+000
5.371380842253739e-003	2.346342e+000
5.375441690310063e-003	2.331771e+000
5.381217012956104e-003	2.303957e+000
5.388817910305498e-003	2.255203e+000
5.398583535305498e-003	2.174911e+000
5.408349160305498e-003	2.076889e+000
5.418114785305498e-003	1.962503e+000
5.427880410305497e-003	1.834139e+000
5.437646035305497e-003	1.693853e+000
5.447411660305497e-003	1.543396e+000
5.457177285305497e-003	1.384280e+000
5.466942910305497e-003	1.217831e+000
5.476708535305496e-003	1.045233e+000
5.486474160305496e-003	8.675659e-001
5.496239785305496e-003	6.858253e-001
5.506005410305496e-003	5.009480e-001
5.525536660305495e-003	1.253023e-001
5.545067910305495e-003	-2.526584e-001
5.564599160305495e-003	-6.266288e-001
5.584130410305494e-003	-9.906276e-001
5.593896035305494e-003	-1.167106e+000
5.603661660305494e-003	-1.338993e+000
5.613427285305494e-003	-1.506525e+000
5.613999055893367e-003	-1.516271e+000
5.614570826481241e-003	-1.525973e+000
5.615142597069115e-003	-1.535630e+000
5.615714367656988e-003	-1.545242e+000
5.616286138244862e-003	-1.554809e+000
5.616857908832736e-003	-1.564331e+000
5.617429679420609e-003	-1.573809e+000
5.617614416404827e-003	-1.576863e+000
5.617860732383785e-003	-1.580930e+000
5.618353364341700e-003	-1.589051e+000
5.619314660615773e-003	-1.604850e+000
5.620436589520013e-003	-1.623221e+000
5.621555813289057e-003	-1.641473e+000
5.622220389920374e-003	-1.652269e+000
5.622966105285812e-003	-1.664344e+000
5.624155987591432e-003	-1.683521e+000
5.625253512524558e-003	-1.701105e+000
5.626021865486116e-003	-1.713323e+000
5.626772213737103e-003	-1.725115e+000
5.629074000549702e-003	-1.760281e+000
5.631703668552385e-003	-1.798875e+000
5.634287714277314e-003	-1.835407e+000
5.637781134977013e-003	-1.882924e+000
5.641214686147469e-003	-1.928020e+000
5.647029437316784e-003	-2.001653e+000
5.656467486143344e-003	-2.117181e+000
5.662329696308512e-003	-2.186221e+000
5.666258365332722e-003	-2.229797e+000
5.671319989110399e-003	-2.281967e+000
5.674549000690797e-003	-2.312368e+000
5.679084489404157e-003	-2.350542e+000
5.685273349567302e-003	-2.395890e+000
5.694568817033508e-003	-2.452701e+000
5.704334442033508e-003	-2.500685e+000
5.714100067033508e-003	-2.538143e+000
5.723865692033508e-003	-2.567214e+000
5.733631317033507e-003	-2.589740e+000
5.743396942033507e-003	-2.607162e+000
5.753162567033507e-003	-2.620600e+000
5.762928192033507e-003	-2.630915e+000
5.772693817033507e-003	-2.638752e+000
5.782459442033506e-003	-2.644565e+000
5.792225067033506e-003	-2.648597e+000
5.801990692033506e-003	-2.650775e+000
5.811756317033506e-003	-2.650504e+000
5.819976667650175e-003	-2.646679e+000
5.827630998486127e-003	-2.637107e+000
5.835528381199779e-003	-2.618468e+000
5.842538006688245e-003	-2.593294e+000
5.848146829891704e-003	-2.567293e+000
5.851080913590415e-003	-2.551779e+000
5.854516848775563e-003	-2.532782e+000
5.856267644837783e-003	-2.523106e+000
5.857389630666269e-003	-2.516915e+000
5.858782772815654e-003	-2.509170e+000
5.859874962557811e-003	-2.503009e+000
5.860943735906801e-003	-2.496880e+000
5.861780610384250e-003	-2.492001e+000
5.862566977968243e-003	-2.487339e+000
5.863363675043751e-003	-2.482533e+000
5.864350876017614e-003	-2.476445e+000
5.865890190884146e-003	-2.466707e+000
5.867185089710895e-003	-2.458257e+000
5.868798257584893e-003	-2.447374e+000
5.870184724338029e-003	-2.437682e+000
5.874699705983814e-003	-2.403554e+000
5.879913570555367e-003	-2.359005e+000
5.889679195555367e-003	-2.265063e+000
5.899444820555367e-003	-2.158686e+000
5.909210445555367e-003	-2.039424e+000
5.918976070555367e-003	-1.908700e+000
5.928741695555366e-003	-1.767836e+000
5.938507320555366e-003	-1.618022e+000
5.948272945555366e-003	-1.460335e+000
5.958038570555366e-003	-1.295764e+000
5.967804195555366e-003	-1.125231e+000
5.987335445555365e-003	-7.697457e-001
6.006866695555365e-003	-4.005160e-001
6.016632320555364e-003	-2.127284e-001
6.026397945555364e-003	-2.385550e-002
6.045929195555364e-003	3.541197e-001
6.065460445555363e-003	7.274548e-001
6.084991695555363e-003	1.090379e+000
6.104522945555363e-003	1.437350e+000
6.114288570555362e-003	1.603944e+000
6.118948387427196e-003	1.681418e+000
6.121189363138578e-003	1.717574e+000
6.123413458786860e-003	1.752334e+000
6.124824470337536e-003	1.773654e+000
6.126557487927927e-003	1.798961e+000
6.128089018073871e-003	1.820557e+000
6.130081994697167e-003	1.847570e+000
6.132129314373992e-003	1.874103e+000
6.134674072767937e-003	1.905366e+000
6.137628472031839e-003	1.939435e+000
6.141273089593162e-003	1.978122e+000
6.146728694798108e-003	2.030296e+000
6.152896099719137e-003	2.081446e+000
6.162661724719137e-003	2.149025e+000
6.172427349719137e-003	2.203847e+000
6.182192974719137e-003	2.247084e+000
6.191958599719136e-003	2.281139e+000
6.201724224719136e-003	2.307937e+000
6.211489849719136e-003	2.328999e+000
6.221255474719136e-003	2.345522e+000
6.231021099719136e-003	2.358443e+000
6.240786724719135e-003	2.368493e+000
6.250552349719135e-003	2.376240e+000
6.260317974719135e-003	2.382123e+000
6.270083599719135e-003	2.386479e+000
6.279849224719135e-003	2.389561e+000
6.289614849719134e-003	2.391552e+000
6.299380474719134e-003	2.392569e+000
6.309146099719134e-003	2.392653e+000
6.318911724719134e-003	2.391760e+000
6.328677349719133e-003	2.389719e+000
6.338442974719133e-003	2.386379e+000
6.344659377042638e-003	2.383213e+000
6.352108301512133e-003	2.377957e+000
6.358111186835847e-003	2.372363e+000
6.362969257215123e-003	2.366571e+000
6.365787248727821e-003	2.362354e+000
6.368233768979800e-003	2.357770e+000
6.370648023475740e-003	2.351930e+000
6.374811715758912e-003	2.338831e+000
6.379076040224267e-003	2.320685e+000
6.386867351837614e-003	2.276006e+000
6.395294525047085e-003	2.213115e+000
6.405060150047085e-003	2.122006e+000
6.414825775047085e-003	2.014050e+000
6.424591400047084e-003	1.891057e+000
6.434357025047084e-003	1.755254e+000
6.444122650047084e-003	1.608542e+000
6.453888275047084e-003	1.452548e+000
6.463653900047084e-003	1.288687e+000
6.473419525047083e-003	1.118210e+000
6.483185150047083e-003	9.422480e-001
6.492950775047083e-003	7.618372e-001
6.502716400047083e-003	5.779439e-001
6.522247650047082e-003	2.033161e-001
6.541778900047082e-003	-1.747909e-001
6.561310150047081e-003	-5.499835e-001
6.580841400047081e-003	-9.162108e-001
6.590607025047081e-003	-1.094160e+000
6.600372650047081e-003	-1.267747e+000
6.610138275047080e-003	-1.436841e+000
6.616330091424628e-003	-1.541812e+000
6.616335455842657e-003	-1.541901e+000
6.616340820260688e-003	-1.541990e+000
6.616346184678717e-003	-1.542080e+000
6.616351549096747e-003	-1.542169e+000
6.616356913514776e-003	-1.542258e+000
6.616362277932807e-003	-1.542347e+000
6.616367642350836e-003	-1.542436e+000
6.616710965104742e-003	-1.548135e+000
6.617054287858649e-003	-1.553826e+000
6.617397610612555e-003	-1.559508e+000
6.617740933366461e-003	-1.565182e+000
6.618084256120367e-003	-1.570848e+000
6.618427578874274e-003	-1.576505e+000
6.618770901628180e-003	-1.582155e+000
6.620197198878182e-003	-1.605558e+000
6.621625925020918e-003	-1.628870e+000
6.622996714736551e-003	-1.651111e+000
6.624055866568565e-003	-1.668212e+000
6.624761057175836e-003	-1.679551e+000
6.625441320601067e-003	-1.690448e+000
6.626255212549312e-003	-1.703429e+000
6.626990206148007e-003	-1.715070e+000
6.627673413875904e-003	-1.725780e+000
6.629914367334165e-003	-1.759936e+000
6.632422087923777e-003	-1.796708e+000
6.635169829324560e-003	-1.835481e+000
6.638659592398699e-003	-1.882812e+000
6.642157885011415e-003	-1.928520e+000
6.648505074186801e-003	-2.008451e+000
6.656934895412222e-003	-2.111070e+000
6.663005333849744e-003	-2.182285e+000
6.666924785358079e-003	-2.225741e+000
6.672241769396591e-003	-2.280687e+000
6.675297535197577e-003	-2.309552e+000
6.680023395355534e-003	-2.349590e+000
6.685510932455883e-003	-2.390156e+000
6.695276557455883e-003	-2.450399e+000
6.705042182455883e-003	-2.498959e+000
6.714807807455882e-003	-2.536734e+000
6.724573432455882e-003	-2.566057e+000
6.734339057455882e-003	-2.588780e+000
6.744104682455882e-003	-2.606354e+000
6.753870307455881e-003	-2.619905e+000
6.763635932455881e-003	-2.630296e+000
6.773401557455881e-003	-2.638174e+000
6.783167182455881e-003	-2.643980e+000
6.792932807455881e-003	-2.647936e+000
6.802698432455880e-003	-2.649884e+000
6.812464057455880e-003	-2.649113e+000
6.820179433464372e-003	-2.644408e+000
6.828860683876795e-003	-2.631141e+000
6.837264303364226e-003	-2.607957e+000
6.844369758347945e-003	-2.579656e+000
6.848078478981797e-003	-2.561425e+000
6.851157864597500e-003	-2.544780e+000
6.853996924685937e-003	-2.529135e+000
6.855558957474413e-003	-2.520555e+000
6.856695996354393e-003	-2.514317e+000
6.857905211354737e-003	-2.507614e+000
6.859420151568603e-003	-2.499064e+000
6.860871621956935e-003	-2.490700e+000
6.861785636577663e-003	-2.485315e+000
6.862721672075416e-003	-2.479671e+000
6.865739316598886e-003	-2.460643e+000
6.867347872402977e-003	-2.449991e+000
6.869029161161539e-003	-2.438410e+000
6.870883183033071e-003	-2.425091e+000
6.873112607366011e-003	-2.408147e+000
6.877571456031894e-003	-2.371551e+000
6.883879673441573e-003	-2.314059e+000
6.893645298441573e-003	-2.213832e+000
6.903410923441573e-003	-2.101406e+000
6.913176548441573e-003	-1.976838e+000
6.922942173441572e-003	-1.841490e+000
6.932707798441572e-003	-1.696600e+000
6.942473423441572e-003	-1.543286e+000
6.952239048441572e-003	-1.382569e+000
6.962004673441572e-003	-1.215394e+000
6.971770298441571e-003	-1.042653e+000
6.991301548441571e-003	-6.838476e-001
7.010832798441571e-003	-3.126631e-001
7.020598423441570e-003	-1.243862e-001
7.040129673441570e-003	2.537217e-001
7.059660923441570e-003	6.289251e-001
7.079192173441569e-003	9.954007e-001
7.098723423441569e-003	1.347541e+000
7.108489048441568e-003	1.516456e+000
7.118254673441568e-003	1.680692e+000
7.120357117578315e-003	1.714893e+000
7.122490247537558e-003	1.748360e+000
7.123991252885689e-003	1.771149e+000
7.125702462614026e-003	1.796187e+000
7.127824951888327e-003	1.826021e+000
7.130128127131898e-003	1.856649e+000
7.134251838634123e-003	1.907856e+000
7.138067711960901e-003	1.951035e+000
7.144457707171646e-003	2.015216e+000
7.150959612928467e-003	2.071397e+000
7.160725237928467e-003	2.141241e+000
7.170490862928466e-003	2.197778e+000
7.180256487928466e-003	2.242374e+000
7.190022112928466e-003	2.277504e+000
7.199787737928466e-003	2.305153e+000
7.209553362928466e-003	2.326890e+000
7.219318987928465e-003	2.343951e+000
7.229084612928465e-003	2.357303e+000
7.238850237928465e-003	2.367702e+000
7.248615862928465e-003	2.375734e+000
7.258381487928465e-003	2.381855e+000
7.268147112928464e-003	2.386415e+000
7.277912737928464e-003	2.389676e+000
7.287678362928464e-003	2.391833e+000
7.297443987928464e-003	2.393014e+000
7.307209612928464e-003	2.393282e+000
7.316975237928463e-003	2.392612e+000
7.326740862928463e-003	2.390865e+000
7.336506487928463e-003	2.387740e+000
7.346272112928463e-003	2.382694e+000
7.356037737928462e-003	2.375201e+000
7.362362055648802e-003	2.368438e+000
7.366292662387617e-003	2.362840e+000
7.368973302457253e-003	2.357888e+000
7.371520367100413e-003	2.351640e+000
7.375991921121376e-003	2.337158e+000
7.380555315163090e-003	2.317197e+000
7.387936543749408e-003	2.273525e+000
7.397207941365937e-003	2.202319e+000
7.406973566365937e-003	2.109063e+000
7.416739191365936e-003	1.998773e+000
7.426504816365936e-003	1.873713e+000
7.436270441365936e-003	1.736085e+000
7.446036066365936e-003	1.587767e+000
7.455801691365936e-003	1.430367e+000
7.465567316365935e-003	1.265285e+000
7.475332941365935e-003	1.093764e+000
7.485098566365935e-003	9.169260e-001
7.494864191365935e-003	7.358016e-001
7.504629816365935e-003	5.513527e-001
7.524161066365934e-003	1.760759e-001
7.533926691365934e-003	-1.304952e-002
7.553457941365934e-003	-3.902319e-001
7.572989191365933e-003	-7.608623e-001
7.582754816365933e-003	-9.418740e-001
7.592520441365933e-003	-1.119074e+000
7.602286066365933e-003	-1.291780e+000
7.612051691365932e-003	-1.459886e+000
7.612938237799875e-003	-1.475076e+000
7.613824784233818e-003	-1.490180e+000
7.614711330667760e-003	-1.505197e+000
7.615597877101702e-003	-1.520127e+000
7.616484423535645e-003	-1.534969e+000
7.617370969969587e-003	-1.549725e+000
7.618257516403530e-003	-1.564394e+000
7.618486398239467e-003	-1.568169e+000
7.618791574020717e-003	-1.573194e+000
7.619401925583217e-003	-1.583224e+000
7.621746303141100e-003	-1.621522e+000
7.623177587909398e-003	-1.644745e+000
7.623914797301040e-003	-1.656652e+000
7.624735905571746e-003	-1.669861e+000
7.626018114514810e-003	-1.690388e+000
7.626835997239587e-003	-1.703414e+000
7.627471811117220e-003	-1.713481e+000
7.628107935539833e-003	-1.723456e+000
7.629963191828600e-003	-1.751923e+000
7.631891604807653e-003	-1.780575e+000
7.633896263710895e-003	-1.809444e+000
7.636731411623249e-003	-1.848779e+000
7.640054767649608e-003	-1.893168e+000
7.644970368832714e-003	-1.956418e+000
7.651357548248073e-003	-2.035667e+000
7.660051841347665e-003	-2.139881e+000
7.665049411736251e-003	-2.197431e+000
7.669177419176128e-003	-2.242134e+000
7.674089916609791e-003	-2.291355e+000
7.677856461518047e-003	-2.325671e+000
7.682359351759548e-003	-2.362016e+000
7.689706044171538e-003	-2.412964e+000
7.699471669171538e-003	-2.468881e+000
7.709237294171538e-003	-2.513296e+000
7.719002919171538e-003	-2.547822e+000
7.728768544171537e-003	-2.574609e+000
7.738534169171537e-003	-2.595352e+000
7.748299794171537e-003	-2.611377e+000
7.758065419171537e-003	-2.623709e+000
7.767831044171536e-003	-2.633125e+000
7.777596669171536e-003	-2.640189e+000
7.787362294171536e-003	-2.645255e+000
7.797127919171536e-003	-2.648397e+000
7.806893544171536e-003	-2.649095e+000
7.816659169171536e-003	-2.645864e+000
7.824456113276890e-003	-2.637475e+000
7.832644052757019e-003	-2.619767e+000
7.839754502991361e-003	-2.595438e+000
7.846454085706714e-003	-2.565221e+000
7.849361672882676e-003	-2.550096e+000
7.853142686291451e-003	-2.529372e+000
7.854966700848566e-003	-2.519382e+000
7.856092157644342e-003	-2.513222e+000
7.857442039188407e-003	-2.505760e+000
7.858768185525401e-003	-2.498304e+000
7.860036142433590e-003	-2.491038e+000
7.860841873224726e-003	-2.486330e+000
7.861719731626358e-003	-2.481093e+000
7.862929059682720e-003	-2.473717e+000
7.864203148186090e-003	-2.465743e+000
7.865516279523383e-003	-2.457269e+000
7.867139787189770e-003	-2.446453e+000
7.868516238059807e-003	-2.436947e+000
7.870448697284675e-003	-2.423038e+000
7.872832606691804e-003	-2.404865e+000
7.877600425506061e-003	-2.365119e+000
7.886117713852682e-003	-2.285600e+000
7.895883338852681e-003	-2.182516e+000
7.905648963852681e-003	-2.066790e+000
7.915414588852681e-003	-1.939339e+000
7.925180213852681e-003	-1.801483e+000
7.934945838852681e-003	-1.654413e+000
7.944711463852680e-003	-1.499209e+000
7.954477088852680e-003	-1.336860e+000
7.964242713852680e-003	-1.168291e+000
7.983773963852680e-003	-8.159500e-001
7.993539588852679e-003	-6.338315e-001
8.013070838852679e-003	-2.616744e-001
8.022836463852679e-003	-7.318513e-002
8.042367713852678e-003	3.048174e-001
8.061898963852678e-003	6.792295e-001
8.081430213852677e-003	1.044255e+000
8.100961463852677e-003	1.394315e+000
8.110727088852677e-003	1.562528e+000
8.117244186237091e-003	1.671873e+000
8.120002376383264e-003	1.716688e+000
8.122404826460339e-003	1.754338e+000
8.123837439943027e-003	1.775972e+000
8.125626886677241e-003	1.801989e+000
8.127569662087879e-003	1.829186e+000
8.129555254327636e-003	1.855670e+000
8.132721655056992e-003	1.895548e+000
8.135940655925947e-003	1.932890e+000
8.142378657663856e-003	1.999676e+000
8.149346055078374e-003	2.061941e+000
8.159111680078374e-003	2.133968e+000
8.168877305078374e-003	2.192084e+000
8.178642930078374e-003	2.237933e+000
8.188408555078373e-003	2.274056e+000
8.198174180078373e-003	2.302489e+000
8.207939805078373e-003	2.324848e+000
8.217705430078373e-003	2.342404e+000
8.227471055078373e-003	2.356151e+000
8.237236680078372e-003	2.366869e+000
8.247002305078372e-003	2.375161e+000
8.256767930078372e-003	2.381497e+000
8.266533555078372e-003	2.386237e+000
8.276299180078372e-003	2.389656e+000
8.286064805078371e-003	2.391955e+000
8.295830430078371e-003	2.393273e+000
8.305596055078371e-003	2.393683e+000
8.315361680078371e-003	2.393180e+000
8.325127305078370e-003	2.391652e+000
8.334892930078370e-003	2.388836e+000
8.344658555078370e-003	2.384245e+000
8.354424180078370e-003	2.377334e+000
8.361574624636697e-003	2.370208e+000
8.365999120833644e-003	2.364322e+000
8.368687205096309e-003	2.359678e+000
8.371185716665975e-003	2.353966e+000
8.375361941412883e-003	2.341379e+000
8.379693462027814e-003	2.323801e+000
8.386303161516721e-003	2.287492e+000
8.394893145658083e-003	2.225657e+000
8.404658770658083e-003	2.137249e+000
8.414424395658083e-003	2.031404e+000
8.424190020658083e-003	1.910075e+000
8.433955645658083e-003	1.775578e+000
8.443721270658082e-003	1.629884e+000
8.453486895658082e-003	1.474682e+000
8.463252520658082e-003	1.311430e+000
8.473018145658082e-003	1.141418e+000
8.482783770658081e-003	9.658016e-001
8.492549395658081e-003	7.856383e-001
8.502315020658081e-003	6.019101e-001
8.512080645658081e-003	4.155416e-001
8.531611895658080e-003	3.836699e-002
8.551143145658080e-003	-3.392344e-001
8.570674395658080e-003	-7.110147e-001
8.580440020658079e-003	-8.928612e-001
8.590205645658079e-003	-1.071062e+000
8.599971270658079e-003	-1.244929e+000
8.609736895658079e-003	-1.413795e+000
8.619502818681303e-003	-1.578583e+000
8.619508183099332e-003	-1.578672e+000
8.619513547517362e-003	-1.578760e+000
8.619518911935391e-003	-1.578848e+000
8.619524276353423e-003	-1.578936e+000
8.619529640771452e-003	-1.579024e+000
8.619535005189482e-003	-1.579112e+000
8.619540369607512e-003	-1.579200e+000
8.619807398416106e-003	-1.583582e+000
8.620112574197356e-003	-1.588582e+000
8.621943628884856e-003	-1.618442e+000
8.623112023845980e-003	-1.637394e+000
8.624070134008484e-003	-1.652866e+000
8.624863554232412e-003	-1.665630e+000
8.625906365047792e-003	-1.682328e+000
8.626969908620554e-003	-1.699269e+000
8.627729449646491e-003	-1.711292e+000
8.628599735475870e-003	-1.724931e+000
8.629425571333418e-003	-1.737709e+000
8.630412469196045e-003	-1.752694e+000
8.632386264921303e-003	-1.781778e+000
8.636013787238547e-003	-1.833168e+000
8.639658113145023e-003	-1.882614e+000
8.643424949400456e-003	-1.931488e+000
8.650958621911325e-003	-2.025562e+000
8.658001226562812e-003	-2.110532e+000
8.664097813158593e-003	-2.181447e+000
8.668098474147640e-003	-2.225544e+000
8.673612154448108e-003	-2.282156e+000
8.676950319420654e-003	-2.313444e+000
8.681590762820086e-003	-2.352361e+000
8.687172321550304e-003	-2.393133e+000
8.696937946550304e-003	-2.452672e+000
8.706703571550303e-003	-2.500638e+000
8.716469196550303e-003	-2.537956e+000
8.726234821550303e-003	-2.566926e+000
8.736000446550303e-003	-2.589375e+000
8.745766071550302e-003	-2.606730e+000
8.755531696550302e-003	-2.620102e+000
8.765297321550302e-003	-2.630336e+000
8.775062946550302e-003	-2.638055e+000
8.784828571550302e-003	-2.643674e+000
8.794594196550301e-003	-2.647347e+000
8.804359821550301e-003	-2.648731e+000
8.814125446550301e-003	-2.646749e+000
8.821646444075237e-003	-2.640396e+000
8.829873105724934e-003	-2.625232e+000
8.837476205103580e-003	-2.601594e+000
8.845145615142514e-003	-2.568631e+000
8.849045995092125e-003	-2.548716e+000
8.853033453570372e-003	-2.526977e+000
8.854748898101889e-003	-2.517599e+000
8.856105675265839e-003	-2.510170e+000
8.857442423966655e-003	-2.502741e+000
8.859387857534897e-003	-2.491697e+000
8.860554688052892e-003	-2.484905e+000
8.861782079036332e-003	-2.477564e+000
8.863012923029729e-003	-2.470004e+000
8.864367447791030e-003	-2.461439e+000
8.865813139785945e-003	-2.452000e+000
8.867398497326274e-003	-2.441278e+000
8.869174680090193e-003	-2.428795e+000
8.874788625580068e-003	-2.385099e+000
8.882172979702809e-003	-2.319422e+000
8.891938604702809e-003	-2.221204e+000
8.901704229702809e-003	-2.110321e+000
8.911469854702809e-003	-1.987222e+000
8.921235479702808e-003	-1.853256e+000
8.931001104702808e-003	-1.709656e+000
8.940766729702808e-003	-1.557532e+000
8.950532354702808e-003	-1.397900e+000
8.960297979702808e-003	-1.231702e+000
8.970063604702807e-003	-1.059824e+000
8.989594854702807e-003	-7.023962e-001
9.009126104702806e-003	-3.321050e-001
9.018891729702806e-003	-1.440892e-001
9.038422979702806e-003	2.338711e-001
9.057954229702805e-003	6.094265e-001
9.077485479702805e-003	9.767456e-001
9.097016729702805e-003	1.330206e+000
9.106782354702804e-003	1.500043e+000
9.116547979702804e-003	1.665022e+000
9.120305899043347e-003	1.726091e+000
9.123084638636576e-003	1.769127e+000
9.124850686306819e-003	1.795252e+000
9.126640764663780e-003	1.820541e+000
9.129165906869867e-003	1.854600e+000
9.131623914983737e-003	1.885691e+000
9.136539931211475e-003	1.942935e+000
9.141404011688689e-003	1.993076e+000
9.151132172643116e-003	2.078173e+000
9.160301817303335e-003	2.144218e+000
9.170067442303335e-003	2.200015e+000
9.179833067303335e-003	2.244216e+000
9.189598692303335e-003	2.279036e+000
9.199364317303335e-003	2.306441e+000
9.209129942303334e-003	2.327988e+000
9.218895567303334e-003	2.344903e+000
9.228661192303334e-003	2.358143e+000
9.238426817303334e-003	2.368458e+000
9.248192442303333e-003	2.376428e+000
9.257958067303333e-003	2.382506e+000
9.267723692303333e-003	2.387036e+000
9.277489317303333e-003	2.390283e+000
9.287254942303333e-003	2.392438e+000
9.297020567303332e-003	2.393632e+000
9.306786192303332e-003	2.393930e+000
9.316551817303332e-003	2.393316e+000
9.326317442303332e-003	2.391668e+000
9.336083067303332e-003	2.388703e+000
9.345848692303331e-003	2.383908e+000
9.355614317303331e-003	2.376712e+000
9.362686648978625e-003	2.369405e+000
9.366748433534983e-003	2.363781e+000
9.369505944742066e-003	2.358798e+000
9.372105052928561e-003	2.352606e+000
9.376104405468669e-003	2.340138e+000
9.380284077201595e-003	2.322491e+000
9.387963558525850e-003	2.278892e+000
9.396110331274930e-003	2.218609e+000
9.405875956274930e-003	2.128053e+000
9.415641581274930e-003	2.020525e+000
9.425407206274930e-003	1.897729e+000
9.435172831274930e-003	1.761953e+000
9.444938456274929e-003	1.615149e+000
9.454704081274929e-003	1.458985e+000
9.464469706274929e-003	1.294908e+000
9.474235331274929e-003	1.124193e+000
9.484000956274928e-003	9.479917e-001
9.493766581274928e-003	7.673540e-001
9.503532206274928e-003	5.832579e-001
9.513297831274928e-003	3.966243e-001
9.532829081274927e-003	1.921782e-002
9.552360331274927e-003	-3.582316e-001
9.571891581274927e-003	-7.294911e-001
9.581657206274926e-003	-9.109440e-001
9.591422831274926e-003	-1.088665e+000
9.601188456274926e-003	-1.261969e+000
9.610954081274926e-003	-1.430189e+000
9.620719706274926e-003	-1.594243e+000
9.620872294165550e-003	-1.596758e+000
9.621787821509300e-003	-1.611677e+000
9.622467985005353e-003	-1.622720e+000
9.623721724235070e-003	-1.643003e+000
9.624495235238614e-003	-1.655469e+000
9.625374250309368e-003	-1.669580e+000
9.626514967779849e-003	-1.687802e+000
9.627673810772406e-003	-1.706199e+000
9.628469290711776e-003	-1.718733e+000
9.629224823058443e-003	-1.730489e+000
9.630291365159459e-003	-1.746833e+000
9.631519252104448e-003	-1.765230e+000
9.633975025994425e-003	-1.800975e+000
9.636245344643064e-003	-1.832879e+000
9.639421945777301e-003	-1.875869e+000
9.642688989676096e-003	-1.918473e+000
9.649223077473689e-003	-2.000579e+000
9.656565910697485e-003	-2.089622e+000
9.664041890754144e-003	-2.176972e+000
9.668220861647299e-003	-2.223116e+000
9.674242618633660e-003	-2.284709e+000
9.678013685354038e-003	-2.319735e+000
9.682624783951290e-003	-2.357864e+000
9.688093968650077e-003	-2.397165e+000
9.697859593650077e-003	-2.455775e+000
9.707625218650077e-003	-2.503028e+000
9.717390843650076e-003	-2.539789e+000
9.727156468650076e-003	-2.568326e+000
9.736922093650076e-003	-2.590435e+000
9.746687718650076e-003	-2.607524e+000
9.756453343650075e-003	-2.620684e+000
9.766218968650075e-003	-2.630745e+000
9.775984593650075e-003	-2.638314e+000
9.785750218650075e-003	-2.643781e+000
9.795515843650075e-003	-2.647262e+000
9.805281468650074e-003	-2.648313e+000
9.815047093650074e-003	-2.645643e+000
9.822627263293826e-003	-2.638260e+000
9.830744705245944e-003	-2.621829e+000
9.838202475379351e-003	-2.597405e+000
9.845159947860538e-003	-2.566778e+000
9.848569488585771e-003	-2.549229e+000
9.852447276864877e-003	-2.528086e+000
9.853877695237056e-003	-2.520286e+000
9.855137822707409e-003	-2.513427e+000
9.856492290929983e-003	-2.505997e+000
9.857656763574396e-003	-2.499514e+000
9.858759090133937e-003	-2.493273e+000
9.859602420761509e-003	-2.488415e+000
9.860473579201997e-003	-2.483307e+000
9.861362485215205e-003	-2.477995e+000
9.862452658814596e-003	-2.471328e+000
9.863902635428632e-003	-2.462221e+000
9.865268556779305e-003	-2.453369e+000
9.866863808970030e-003	-2.442678e+000
9.868330575055862e-003	-2.432484e+000
9.873323716614136e-003	-2.394610e+000
9.879437348359960e-003	-2.341925e+000
9.889202973359960e-003	-2.246973e+000
9.898968598359960e-003	-2.139553e+000
9.908734223359960e-003	-2.019575e+000
9.918499848359959e-003	-1.888404e+000
9.928265473359959e-003	-1.747298e+000
9.938031098359959e-003	-1.597394e+000
9.947796723359959e-003	-1.439726e+000
9.957562348359959e-003	-1.275249e+000
9.967327973359958e-003	-1.104860e+000
9.986859223359958e-003	-7.497383e-001
9.996624848359958e-003	-5.670425e-001
1.000000000000000e-002	-5.032677e-001
