time	V(vin)
0.000000000000000e+000	0.000000e+000
5.937913226178369e-008	3.730902e-005
1.187582645235674e-007	7.461803e-005
1.781373967853511e-007	1.119270e-004
2.375165290471348e-007	1.492360e-004
2.968956613089185e-007	1.865449e-004
3.562747935707021e-007	2.238538e-004
4.156539258324857e-007	2.611628e-004
5.219624034783151e-007	3.279581e-004
6.370082757436243e-007	4.002430e-004
7.675093728619732e-007	4.822385e-004
9.365607519197397e-007	5.884551e-004
1.144624482852178e-006	7.191826e-004
1.414146148972949e-006	8.885225e-004
1.752972134950416e-006	1.101403e-003
2.194043070779091e-006	1.378514e-003
2.760422129390348e-006	1.734337e-003
3.506132951501676e-006	2.202790e-003
4.485718614609461e-006	2.818087e-003
5.802360401793925e-006	3.644923e-003
7.592692609389658e-006	4.768820e-003
1.011555552763926e-005	6.351513e-003
1.385342266844780e-005	8.693375e-003
2.013931233399036e-005	1.262016e-002
2.859665233192515e-005	1.787128e-002
3.836227733192516e-005	2.387101e-002
4.812790233192516e-005	2.978089e-002
5.789352733192516e-005	3.557868e-002
6.619465794990041e-005	4.040255e-002
7.500389726839434e-005	4.540123e-002
8.476952226839433e-005	5.077944e-002
9.453514726839433e-005	5.596653e-002
1.043007722683943e-004	6.094297e-002
1.140663972683943e-004	6.569003e-002
1.238320222683943e-004	7.018986e-002
1.335976472683943e-004	7.442550e-002
1.433632722683943e-004	7.838103e-002
1.531288972683943e-004	8.204155e-002
1.628945222683944e-004	8.539327e-002
1.726601472683944e-004	8.842360e-002
1.824257722683944e-004	9.112112e-002
1.921913972683944e-004	9.347568e-002
2.019570222683944e-004	9.547843e-002
2.117226472683944e-004	9.712181e-002
2.214882722683944e-004	9.839965e-002
2.312538972683944e-004	9.930713e-002
2.410195222683944e-004	9.984085e-002
2.507851472683944e-004	9.999878e-002
2.605507722683944e-004	9.978034e-002
2.703163972683944e-004	9.918636e-002
2.800820222683945e-004	9.821905e-002
2.898476472683945e-004	9.688208e-002
2.996132722683945e-004	9.518046e-002
3.093788972683945e-004	9.312060e-002
3.191445222683945e-004	9.071026e-002
3.289101472683945e-004	8.795851e-002
3.386757722683945e-004	8.487570e-002
3.484413972683945e-004	8.147343e-002
3.582070222683945e-004	7.776452e-002
3.679726472683945e-004	7.376292e-002
3.777382722683945e-004	6.948369e-002
3.875038972683946e-004	6.494294e-002
3.972695222683946e-004	6.015776e-002
4.070351472683946e-004	5.514617e-002
4.168007722683946e-004	4.992701e-002
4.265663972683946e-004	4.451994e-002
4.363320222683946e-004	3.894531e-002
4.460976472683946e-004	3.322409e-002
4.558632722683946e-004	2.737783e-002
4.641061161518860e-004	2.236209e-002
4.726574255284670e-004	1.709546e-002
4.798669036006259e-004	1.261629e-002
4.877378928687326e-004	7.696889e-003
4.975035178687327e-004	1.568522e-003
5.072691428687327e-004	-4.565749e-003
5.170347678687327e-004	-1.068284e-002
5.268003928687327e-004	-1.675971e-002
5.365660178687327e-004	-2.277351e-002
5.380043630966554e-004	-2.365298e-002
5.394427083245781e-004	-2.453026e-002
5.408810535525009e-004	-2.540534e-002
5.423193987804235e-004	-2.627824e-002
5.437577440083462e-004	-2.714895e-002
5.451960892362689e-004	-2.801746e-002
5.466344344641917e-004	-2.888379e-002
5.469396102454417e-004	-2.906731e-002
5.475499618079417e-004	-2.943403e-002
5.487706649329417e-004	-3.016618e-002
5.502863493808304e-004	-3.107276e-002
5.518725864107041e-004	-3.201853e-002
5.527217455715653e-004	-3.252352e-002
5.533788772019481e-004	-3.291369e-002
5.540650034938470e-004	-3.332047e-002
5.549822840073401e-004	-3.386332e-002
5.556882987067767e-004	-3.428038e-002
5.566231305973057e-004	-3.483156e-002
5.574984454801855e-004	-3.534657e-002
5.584215879998020e-004	-3.588856e-002
5.602678730390349e-004	-3.696889e-002
5.633423616245628e-004	-3.875679e-002
5.666486134474926e-004	-4.066330e-002
5.704881141554526e-004	-4.285523e-002
5.761823274635244e-004	-4.605970e-002
5.820862945219061e-004	-4.931991e-002
5.900066014790934e-004	-5.358618e-002
5.941970081952315e-004	-5.579033e-002
5.984183217261242e-004	-5.797164e-002
6.024191835172640e-004	-6.000141e-002
6.066646169594058e-004	-6.211377e-002
6.110857328698576e-004	-6.426655e-002
6.189629620566119e-004	-6.797827e-002
6.287285870566119e-004	-7.234769e-002
6.384942120566119e-004	-7.644481e-002
6.482598370566120e-004	-8.025420e-002
6.580254620566120e-004	-8.376154e-002
6.775567120566120e-004	-8.981843e-002
6.970879620566120e-004	-9.452436e-002
7.166192120566120e-004	-9.780855e-002
7.361504620566120e-004	-9.962162e-002
7.459160870566120e-004	-9.996708e-002
7.556817120566120e-004	-9.993628e-002
7.654473370566121e-004	-9.952936e-002
7.752129620566121e-004	-9.874781e-002
7.819474408631575e-004	-9.799209e-002
7.899613562652261e-004	-9.686435e-002
7.974706432497587e-004	-9.558472e-002
8.040747679928612e-004	-9.428341e-002
8.072105352893590e-004	-9.360854e-002
8.096345525574856e-004	-9.306193e-002
8.120394204648905e-004	-9.249831e-002
8.135382750516305e-004	-9.213634e-002
8.146642886390665e-004	-9.185903e-002
8.158353310138548e-004	-9.156576e-002
8.168472976533742e-004	-9.130833e-002
8.178099569759906e-004	-9.106001e-002
8.186243045273687e-004	-9.084735e-002
8.193417075076575e-004	-9.065804e-002
8.200901464793340e-004	-9.045857e-002
8.211184467991237e-004	-9.018126e-002
8.223225988234072e-004	-8.985174e-002
8.235388665765673e-004	-8.951368e-002
8.250554517328611e-004	-8.908483e-002
8.263223614611178e-004	-8.872037e-002
8.302984126304596e-004	-8.754019e-002
8.346505350340434e-004	-8.618577e-002
8.433547798412110e-004	-8.328467e-002
8.531204048412110e-004	-7.973381e-002
8.628860298412110e-004	-7.588285e-002
8.726516548412110e-004	-7.174628e-002
8.824172798412110e-004	-6.733968e-002
8.921829048412110e-004	-6.267963e-002
9.019485298412110e-004	-5.778367e-002
9.117141548412110e-004	-5.267022e-002
9.214797798412110e-004	-4.735853e-002
9.312454048412110e-004	-4.186860e-002
9.410110298412111e-004	-3.622108e-002
9.507766548412111e-004	-3.043723e-002
9.605422798412111e-004	-2.453882e-002
9.703079048412111e-004	-1.854806e-002
9.800735298412110e-004	-1.248749e-002
9.898391548412110e-004	-6.379911e-003
9.982870916897071e-004	-1.076231e-003
1.005754437893775e-003	3.614832e-003
1.013658433873735e-003	8.571317e-003
1.023424058873735e-003	1.466469e-002
1.033189683873735e-003	2.070288e-002
1.042955308873735e-003	2.666314e-002
1.052720933873735e-003	3.252304e-002
1.062486558873735e-003	3.826054e-002
1.072252183873735e-003	4.385404e-002
1.082017808873735e-003	4.928247e-002
1.085733451696233e-003	5.130026e-002
1.087722117106163e-003	5.236880e-002
1.089671577821001e-003	5.340834e-002
1.091673793758804e-003	5.446766e-002
1.093620823147880e-003	5.548952e-002
1.095878448640997e-003	5.666398e-002
1.098105414547983e-003	5.781133e-002
1.100514363591402e-003	5.903968e-002
1.103198353746253e-003	6.039234e-002
1.108566334055955e-003	6.304575e-002
1.113698315575905e-003	6.551549e-002
1.121487596571113e-003	6.913307e-002
1.129060963135320e-003	7.249171e-002
1.138826588135320e-003	7.657928e-002
1.148592213135320e-003	8.037862e-002
1.158357838135320e-003	8.387544e-002
1.168123463135320e-003	8.705657e-002
1.187654713135320e-003	9.242511e-002
1.207185963135320e-003	9.640349e-002
1.226717213135320e-003	9.893187e-002
1.236482838135320e-003	9.963956e-002
1.246248463135320e-003	9.997222e-002
1.256014088135320e-003	9.992861e-002
1.265779713135320e-003	9.950890e-002
1.275545338135320e-003	9.871465e-002
1.285310963135320e-003	9.754886e-002
1.293835196705025e-003	9.623098e-002
1.300080659784420e-003	9.508998e-002
1.303800602342870e-003	9.434067e-002
1.307327937682958e-003	9.358256e-002
1.310790818495117e-003	9.279358e-002
1.315652987320430e-003	9.161175e-002
1.321793256612675e-003	8.999723e-002
1.330919700144843e-003	8.735082e-002
1.340685325144843e-003	8.420128e-002
1.350450950144843e-003	8.073483e-002
1.360216575144843e-003	7.696451e-002
1.369982200144843e-003	7.290452e-002
1.379747825144843e-003	6.857013e-002
1.389513450144843e-003	6.397765e-002
1.399279075144843e-003	5.914438e-002
1.409044700144843e-003	5.408850e-002
1.418810325144843e-003	4.882905e-002
1.428575950144843e-003	4.338581e-002
1.438341575144843e-003	3.777928e-002
1.448107200144843e-003	3.203056e-002
1.457872825144843e-003	2.616128e-002
1.467638450144843e-003	2.019354e-002
1.477404075144843e-003	1.414979e-002
1.485842211826330e-003	8.883873e-003
1.494658341033255e-003	3.355633e-003
1.501636469128721e-003	-1.028206e-003
1.509308842678893e-003	-5.845584e-003
1.519074467678893e-003	-1.195617e-002
1.528840092678893e-003	-1.802176e-002
1.538605717678893e-003	-2.401952e-002
1.548371342678893e-003	-2.992687e-002
1.558136967678893e-003	-3.572158e-002
1.567902592678893e-003	-4.138185e-002
1.572301258165235e-003	-4.388174e-002
1.572327951621213e-003	-4.389681e-002
1.572577090543677e-003	-4.403741e-002
1.572861820740779e-003	-4.419796e-002
1.573431281134983e-003	-4.451863e-002
1.574570201923391e-003	-4.515827e-002
1.575431049968044e-003	-4.564020e-002
1.576180255610816e-003	-4.605855e-002
1.577209218921728e-003	-4.663144e-002
1.578313495464588e-003	-4.724409e-002
1.579151938042108e-003	-4.770774e-002
1.579899424758866e-003	-4.811998e-002
1.580649474008039e-003	-4.853256e-002
1.581547094127671e-003	-4.902491e-002
1.582784009779037e-003	-4.970079e-002
1.584980812681971e-003	-5.089376e-002
1.587094151705966e-003	-5.203226e-002
1.590457167443668e-003	-5.382499e-002
1.594266938602083e-003	-5.582679e-002
1.598719637465292e-003	-5.812580e-002
1.606501988496086e-003	-6.203366e-002
1.613687196292571e-003	-6.551021e-002
1.621911170305298e-003	-6.932512e-002
1.627192956873715e-003	-7.167824e-002
1.633774410901858e-003	-7.449964e-002
1.637749802489959e-003	-7.614244e-002
1.643443192023610e-003	-7.841220e-002
1.651089473792224e-003	-8.130216e-002
1.660855098792224e-003	-8.471946e-002
1.670620723792224e-003	-8.781789e-002
1.680386348792224e-003	-9.058580e-002
1.699917598792224e-003	-9.508964e-002
1.709683223792224e-003	-9.680863e-002
1.719448848792224e-003	-9.816325e-002
1.729214473792224e-003	-9.914840e-002
1.738980098792224e-003	-9.976038e-002
1.748745723792224e-003	-9.999689e-002
1.757289782137518e-003	-9.989512e-002
1.766408053637899e-003	-9.946904e-002
1.775879753838667e-003	-9.868085e-002
1.784006711668364e-003	-9.772592e-002
1.788663889909199e-003	-9.706368e-002
1.791545316654300e-003	-9.661229e-002
1.794555827914401e-003	-9.610686e-002
1.796301200306019e-003	-9.579807e-002
1.797366502048364e-003	-9.560394e-002
1.798877256365366e-003	-9.532128e-002
1.800151686635512e-003	-9.507616e-002
1.801401474322255e-003	-9.482986e-002
1.802385085323663e-003	-9.463190e-002
1.803254191326380e-003	-9.445398e-002
1.804135110678761e-003	-9.427077e-002
1.805188203199545e-003	-9.404796e-002
1.807078860955862e-003	-9.363761e-002
1.808572032436739e-003	-9.330419e-002
1.810252607907519e-003	-9.291910e-002
1.812076559397702e-003	-9.248944e-002
1.818059510178213e-003	-9.099510e-002
1.825945688580540e-003	-8.882932e-002
1.835711313580540e-003	-8.584584e-002
1.845476938580540e-003	-8.253925e-002
1.855242563580540e-003	-7.892200e-002
1.865008188580540e-003	-7.500771e-002
1.874773813580540e-003	-7.081110e-002
1.884539438580540e-003	-6.634798e-002
1.894305063580540e-003	-6.163513e-002
1.904070688580540e-003	-5.669031e-002
1.913836313580540e-003	-5.153212e-002
1.923601938580540e-003	-4.617997e-002
1.933367563580540e-003	-4.065401e-002
1.943133188580540e-003	-3.497504e-002
1.952898813580540e-003	-2.916444e-002
1.962664438580540e-003	-2.324406e-002
1.972430063580540e-003	-1.723620e-002
1.982195688580540e-003	-1.116346e-002
1.990741734434573e-003	-5.813859e-003
1.998232901943552e-003	-1.110278e-003
2.006480207882170e-003	4.070510e-003
2.015713001685074e-003	9.856739e-003
2.025478626685074e-003	1.594040e-002
2.035244251685073e-003	2.196407e-002
2.045009876685073e-003	2.790507e-002
2.054775501685073e-003	3.374104e-002
2.064541126685073e-003	3.945002e-002
2.074306751685072e-003	4.501051e-002
2.078044052462142e-003	4.709481e-002
2.080112756991815e-003	4.823744e-002
2.082152354195981e-003	4.935601e-002
2.083613498970626e-003	5.015237e-002
2.085733658961391e-003	5.130038e-002
2.087821589948624e-003	5.242204e-002
2.090848049523642e-003	5.403181e-002
2.094859852517028e-003	5.613549e-002
2.098514693916035e-003	5.802096e-002
2.102924192867315e-003	6.025495e-002
2.108704868671561e-003	6.311329e-002
2.117061002720532e-003	6.709699e-002
2.126826627720532e-003	7.151755e-002
2.136592252720532e-003	7.566895e-002
2.146357877720532e-003	7.953554e-002
2.156123502720531e-003	8.310278e-002
2.175654752720531e-003	8.928667e-002
2.195186002720530e-003	9.412760e-002
2.214717252720530e-003	9.755277e-002
2.234248502720530e-003	9.951065e-002
2.244014127720529e-003	9.992928e-002
2.253779752720529e-003	9.997180e-002
2.263545377720529e-003	9.963805e-002
2.273311002720529e-003	9.892928e-002
2.281769680190011e-003	9.801430e-002
2.289386060704422e-003	9.695353e-002
2.294457027496655e-003	9.612399e-002
2.299438613326378e-003	9.521406e-002
2.304578929255680e-003	9.417737e-002
2.308122330631367e-003	9.340547e-002
2.310497086412538e-003	9.286222e-002
2.312676330478925e-003	9.234550e-002
2.316196051064213e-003	9.147441e-002
2.319877854406112e-003	9.051535e-002
2.325813112977980e-003	8.886755e-002
2.333090861696048e-003	8.667862e-002
2.342856486696048e-003	8.345755e-002
2.352622111696047e-003	7.992238e-002
2.362387736696047e-003	7.608639e-002
2.372153361696047e-003	7.196403e-002
2.381918986696047e-003	6.757081e-002
2.391684611696047e-003	6.292327e-002
2.401450236696046e-003	5.803891e-002
2.411215861696046e-003	5.293610e-002
2.420981486696046e-003	4.763405e-002
2.430747111696046e-003	4.215271e-002
2.440512736696046e-003	3.651273e-002
2.450278361696045e-003	3.073531e-002
2.460043986696045e-003	2.484222e-002
2.469809611696045e-003	1.885562e-002
2.479575236696045e-003	1.279806e-002
2.489340861696044e-003	6.692328e-003
2.498192706600915e-003	1.135532e-003
2.505220442479134e-003	-3.279513e-003
2.512971934663653e-003	-8.141486e-003
2.522737559663652e-003	-1.423788e-002
2.532503184663652e-003	-2.028069e-002
2.542268809663652e-003	-2.624716e-002
2.552034434663652e-003	-3.211485e-002
2.561800059663652e-003	-3.786166e-002
2.571565684663651e-003	-4.346598e-002
2.575409118267138e-003	-4.562794e-002
2.575412675741484e-003	-4.562993e-002
2.575585467352563e-003	-4.572651e-002
2.575758258963641e-003	-4.582303e-002
2.575931050574719e-003	-4.591950e-002
2.576103842185798e-003	-4.601592e-002
2.576276633796876e-003	-4.611229e-002
2.576449425407955e-003	-4.620860e-002
2.576622217019033e-003	-4.630485e-002
2.577836501595710e-003	-4.697973e-002
2.578719189599471e-003	-4.746860e-002
2.579450723857298e-003	-4.787265e-002
2.580028186443041e-003	-4.819088e-002
2.581479969467281e-003	-4.898814e-002
2.582426698558353e-003	-4.950586e-002
2.583179970628770e-003	-4.991652e-002
2.583988909746341e-003	-5.035630e-002
2.584989359346375e-003	-5.089839e-002
2.586033547957487e-003	-5.146203e-002
2.588121925179711e-003	-5.258264e-002
2.590408495810792e-003	-5.379921e-002
2.594306519644090e-003	-5.584743e-002
2.599457563072600e-003	-5.850245e-002
2.604233778877567e-003	-6.090959e-002
2.611843376006361e-003	-6.463053e-002
2.619784243601678e-003	-6.835583e-002
2.627633743875110e-003	-7.187109e-002
2.633314167216115e-003	-7.430642e-002
2.639933009211151e-003	-7.702449e-002
2.644298524820368e-003	-7.874460e-002
2.650229911143050e-003	-8.098652e-002
2.659761863719645e-003	-8.435252e-002
2.669527488719645e-003	-8.748726e-002
2.679293113719645e-003	-9.029271e-002
2.689058738719645e-003	-9.275831e-002
2.698824363719645e-003	-9.487480e-002
2.708589988719644e-003	-9.663419e-002
2.718355613719644e-003	-9.802988e-002
2.728121238719644e-003	-9.905661e-002
2.737886863719644e-003	-9.971051e-002
2.747652488719644e-003	-9.998912e-002
2.756362935121973e-003	-9.992009e-002
2.765474025551057e-003	-9.952772e-002
2.775239650551056e-003	-9.874517e-002
2.784347832710822e-003	-9.768025e-002
2.787893383412640e-003	-9.717900e-002
2.792348456796751e-003	-9.648082e-002
2.792367596692100e-003	-9.647766e-002
2.792433219190441e-003	-9.646680e-002
2.792520715854896e-003	-9.645230e-002
2.792695709183805e-003	-9.642322e-002
2.793045695841623e-003	-9.636470e-002
2.793745669157259e-003	-9.624626e-002
2.794482110666527e-003	-9.611964e-002
2.795356163175541e-003	-9.596670e-002
2.796181344734281e-003	-9.581964e-002
2.797223945427269e-003	-9.563016e-002
2.799309146813245e-003	-9.523889e-002
2.800347173764567e-003	-9.503802e-002
2.801740725231432e-003	-9.476199e-002
2.803089201011307e-003	-9.448797e-002
2.804337227970730e-003	-9.422832e-002
2.805709172314732e-003	-9.393620e-002
2.807308640203517e-003	-9.358683e-002
2.808820238913039e-003	-9.324797e-002
2.813514202205093e-003	-9.214222e-002
2.818843916411388e-003	-9.078959e-002
2.828609541411388e-003	-8.804820e-002
2.838375166411388e-003	-8.497541e-002
2.848140791411388e-003	-8.158280e-002
2.857906416411388e-003	-7.788312e-002
2.867672041411387e-003	-7.389031e-002
2.877437666411387e-003	-6.961940e-002
2.887203291411387e-003	-6.508645e-002
2.896968916411387e-003	-6.030853e-002
2.906734541411386e-003	-5.530363e-002
2.916500166411386e-003	-5.009057e-002
2.926265791411386e-003	-4.468898e-002
2.936031416411386e-003	-3.911920e-002
2.945797041411386e-003	-3.340218e-002
2.955562666411385e-003	-2.755944e-002
2.965328291411385e-003	-2.161297e-002
2.975093916411385e-003	-1.558516e-002
2.983316375476608e-003	-1.046344e-002
2.991918456533591e-003	-5.075602e-003
2.998816160247738e-003	-7.438216e-004
3.006445299144837e-003	4.048594e-003
3.016210924144836e-003	1.016802e-002
3.025976549144836e-003	1.624918e-002
3.035742174144836e-003	2.226918e-002
3.045507799144836e-003	2.820536e-002
3.055273424144835e-003	3.403538e-002
3.065039049144835e-003	3.973731e-002
3.074804674144835e-003	4.528967e-002
3.078148416593058e-003	4.715265e-002
3.080861775432678e-003	4.864915e-002
3.082486402284554e-003	4.953844e-002
3.084506019654013e-003	5.063674e-002
3.086487787067000e-003	5.170653e-002
3.088944032182186e-003	5.302130e-002
3.091710602197422e-003	5.448705e-002
3.095128158742120e-003	5.627492e-002
3.099376405049071e-003	5.846109e-002
3.104403047040275e-003	6.099391e-002
3.112548940163615e-003	6.496818e-002
3.121634790996004e-003	6.919986e-002
3.131400415996004e-003	7.349637e-002
3.141166040996004e-003	7.751626e-002
3.150931665996004e-003	8.124439e-002
3.160697290996003e-003	8.466674e-002
3.180228540996003e-003	9.054375e-002
3.199759790996003e-003	9.505890e-002
3.219291040996002e-003	9.814428e-002
3.238822290996002e-003	9.975348e-002
3.248587915996002e-003	9.999607e-002
3.258353540996001e-003	9.986228e-002
3.268119165996001e-003	9.935265e-002
3.277884790996001e-003	9.846908e-002
3.287650415996001e-003	9.721489e-002
3.293383673474777e-003	9.630775e-002
3.299679987247090e-003	9.516759e-002
3.303614034662479e-003	9.437948e-002
3.308062354720751e-003	9.341893e-002
3.310676675977708e-003	9.282029e-002
3.313219644050926e-003	9.221397e-002
3.316017201258743e-003	9.151977e-002
3.319739106812171e-003	9.055238e-002
3.323738404559335e-003	8.945772e-002
3.330971632863575e-003	8.733493e-002
3.340387780632806e-003	8.430199e-002
3.350153405632805e-003	8.084501e-002
3.359919030632805e-003	7.708374e-002
3.369684655632805e-003	7.303236e-002
3.379450280632805e-003	6.870609e-002
3.389215905632805e-003	6.412122e-002
3.398981530632804e-003	5.929503e-002
3.408747155632804e-003	5.424565e-002
3.418512780632804e-003	4.899212e-002
3.428278405632804e-003	4.355418e-002
3.438044030632804e-003	3.795232e-002
3.447809655632803e-003	3.220761e-002
3.457575280632803e-003	2.634168e-002
3.467340905632803e-003	2.037660e-002
3.477106530632803e-003	1.433484e-002
3.486872155632803e-003	8.239117e-003
3.495237730911689e-003	2.991776e-003
3.503772795852752e-003	-2.370296e-003
3.511708431104619e-003	-7.349990e-003
3.521474056104619e-003	-1.345165e-002
3.531239681104619e-003	-1.950267e-002
3.541005306104619e-003	-2.548030e-002
3.550770931104618e-003	-3.136202e-002
3.560536556104618e-003	-3.712570e-002
3.570302181104618e-003	-4.274965e-002
3.574318493470567e-003	-4.501710e-002
3.576743292540709e-003	-4.637226e-002
3.579218720779446e-003	-4.774462e-002
3.580590076503171e-003	-4.849993e-002
3.581593651209041e-003	-4.905040e-002
3.582575044340902e-003	-4.958682e-002
3.583405474875932e-003	-5.003925e-002
3.584535343635046e-003	-5.065263e-002
3.585523644546540e-003	-5.118706e-002
3.586550451055513e-003	-5.174023e-002
3.588604064073460e-003	-5.284007e-002
3.591373543819884e-003	-5.430935e-002
3.594460195162581e-003	-5.592750e-002
3.598924660948991e-003	-5.823057e-002
3.603336437027841e-003	-6.046147e-002
3.610967984631398e-003	-6.420985e-002
3.619005914867642e-003	-6.799807e-002
3.628771539867641e-003	-7.236632e-002
3.634717328730023e-003	-7.489353e-002
3.641536255196079e-003	-7.766300e-002
3.646106408056364e-003	-7.943967e-002
3.652184393879343e-003	-8.170079e-002
3.661950018879343e-003	-8.508295e-002
3.671715643879343e-003	-8.814488e-002
3.681481268879343e-003	-9.087506e-002
3.691246893879343e-003	-9.326320e-002
3.701012518879342e-003	-9.530032e-002
3.710778143879342e-003	-9.697875e-002
3.720543768879342e-003	-9.829217e-002
3.730309393879342e-003	-9.923565e-002
3.740075018879342e-003	-9.980562e-002
3.749840643879341e-003	-9.999995e-002
3.759606268879341e-003	-9.981790e-002
3.768478059045983e-003	-9.932678e-002
3.777185882549212e-003	-9.854467e-002
3.784037666855901e-003	-9.772179e-002
3.786900601557109e-003	-9.732422e-002
3.791151807028365e-003	-9.667581e-002
3.791152961309053e-003	-9.667562e-002
3.791194845208288e-003	-9.666889e-002
3.791236729107523e-003	-9.666215e-002
3.791278613006758e-003	-9.665540e-002
3.791320496905994e-003	-9.664865e-002
3.791362380805229e-003	-9.664189e-002
3.791404264704464e-003	-9.663512e-002
3.791446148603699e-003	-9.662835e-002
3.792332636171764e-003	-9.648344e-002
3.793514619595851e-003	-9.628556e-002
3.794340642894845e-003	-9.614412e-002
3.795390241634996e-003	-9.596067e-002
3.796409887961544e-003	-9.577846e-002
3.797454728189456e-003	-9.558766e-002
3.799544408645280e-003	-9.519372e-002
3.800557427302088e-003	-9.499684e-002
3.801671030632141e-003	-9.477597e-002
3.803303598221177e-003	-9.444378e-002
3.804975378264663e-003	-9.409332e-002
3.807051799446465e-003	-9.364358e-002
3.808865623879185e-003	-9.323767e-002
3.813617434735576e-003	-9.211700e-002
3.819215727435896e-003	-9.069142e-002
3.828981352435896e-003	-8.793721e-002
3.838746977435895e-003	-8.485202e-002
3.848512602435895e-003	-8.144748e-002
3.858278227435895e-003	-7.773638e-002
3.868043852435895e-003	-7.373270e-002
3.877809477435895e-003	-6.945151e-002
3.887575102435894e-003	-6.490891e-002
3.897340727435894e-003	-6.012202e-002
3.907106352435894e-003	-5.510884e-002
3.916871977435894e-003	-4.988824e-002
3.926637602435894e-003	-4.447987e-002
3.936403227435894e-003	-3.890410e-002
3.946168852435894e-003	-3.318189e-002
3.955934477435893e-003	-2.733480e-002
3.965700102435893e-003	-2.138482e-002
3.975465727435893e-003	-1.535436e-002
3.983546090272135e-003	-1.031989e-002
3.992001960527709e-003	-5.023201e-003
3.998894241107132e-003	-6.947632e-004
4.006497290033029e-003	4.081234e-003
4.016262915033029e-003	1.020052e-002
4.026028540033029e-003	1.628141e-002
4.035794165033029e-003	2.230102e-002
4.045559790033028e-003	2.823670e-002
4.055325415033028e-003	3.406610e-002
4.065091040033028e-003	3.976728e-002
4.074856665033028e-003	4.531879e-002
4.077986092402274e-003	4.706268e-002
4.080748097205622e-003	4.858674e-002
4.082352249251623e-003	4.946521e-002
4.084349674730542e-003	5.055201e-002
4.086164435433665e-003	5.153252e-002
4.088442626829564e-003	5.275393e-002
4.090867553451916e-003	5.404212e-002
4.093773064303602e-003	5.556907e-002
4.097511982334197e-003	5.750668e-002
4.102028505887357e-003	5.980485e-002
4.108738890632967e-003	6.312986e-002
4.117528885434390e-003	6.731468e-002
4.127294510434389e-003	7.172272e-002
4.137060135434389e-003	7.586081e-002
4.146825760434389e-003	7.971339e-002
4.156591385434389e-003	8.326594e-002
4.176122635434388e-003	8.941866e-002
4.195653885434388e-003	9.422645e-002
4.215185135434387e-003	9.761699e-002
4.234716385434387e-003	9.953927e-002
4.244482010434387e-003	9.993991e-002
4.254247635434387e-003	9.996439e-002
4.264013260434386e-003	9.961263e-002
4.273778885434386e-003	9.888595e-002
4.283544510434386e-003	9.778709e-002
4.290234010841798e-003	9.682164e-002
4.296278475682419e-003	9.580217e-002
4.300758813445829e-003	9.495724e-002
4.305191981155979e-003	9.404715e-002
4.307824057578612e-003	9.347223e-002
4.310435287864392e-003	9.287662e-002
4.312654506602240e-003	9.235076e-002
4.314825925147052e-003	9.181885e-002
4.318391657606203e-003	9.090835e-002
4.322017201074216e-003	8.993580e-002
4.329207245609848e-003	8.786954e-002
4.336758804339280e-003	8.550642e-002
4.346524429339280e-003	8.216589e-002
4.356290054339279e-003	7.851611e-002
4.366055679339279e-003	7.457081e-002
4.375821304339279e-003	7.034484e-002
4.385586929339279e-003	6.585411e-002
4.395352554339278e-003	6.111552e-002
4.405118179339278e-003	5.614691e-002
4.414883804339278e-003	5.096697e-002
4.424649429339278e-003	4.559520e-002
4.434415054339278e-003	4.005183e-002
4.444180679339277e-003	3.435770e-002
4.453946304339277e-003	2.853426e-002
4.463711929339277e-003	2.260343e-002
4.473477554339277e-003	1.658752e-002
4.483243179339277e-003	1.050918e-002
4.491171559378549e-003	5.544228e-003
4.499317860751699e-003	4.285994e-004
4.506246996103783e-003	-3.924096e-003
4.513840288515887e-003	-8.685154e-003
4.523605913515887e-003	-1.477771e-002
4.533371538515887e-003	-2.081465e-002
4.543137163515887e-003	-2.677324e-002
4.552902788515886e-003	-3.263107e-002
4.562668413515886e-003	-3.836608e-002
4.572434038515886e-003	-4.395669e-002
4.576524850177834e-003	-4.625062e-002
4.578584685456120e-003	-4.739420e-002
4.578596191238561e-003	-4.740057e-002
4.578757272192745e-003	-4.748966e-002
4.578941364711812e-003	-4.759142e-002
4.579309549749947e-003	-4.779475e-002
4.579947290850224e-003	-4.814634e-002
4.580346536438986e-003	-4.836605e-002
4.581734241099574e-003	-4.912736e-002
4.582977190704771e-003	-4.980608e-002
4.583819062369348e-003	-5.026407e-002
4.584674053635216e-003	-5.072775e-002
4.585972907307399e-003	-5.142935e-002
4.587272398197056e-003	-5.212787e-002
4.589871379976370e-003	-5.351443e-002
4.592344810958722e-003	-5.482076e-002
4.595629087237225e-003	-5.653482e-002
4.599478889444096e-003	-5.851332e-002
4.605821397910570e-003	-6.169768e-002
4.612458490860470e-003	-6.492497e-002
4.621910472479235e-003	-6.932480e-002
4.629354600293965e-003	-7.261867e-002
4.635283188694933e-003	-7.512866e-002
4.641855247365665e-003	-7.778911e-002
4.647127386787573e-003	-7.982767e-002
4.653005357431195e-003	-8.199714e-002
4.662770982431195e-003	-8.535285e-002
4.672536607431195e-003	-8.838733e-002
4.682302232431194e-003	-9.108912e-002
4.692067857431194e-003	-9.344808e-002
4.701833482431194e-003	-9.545533e-002
4.711599107431194e-003	-9.710329e-002
4.721364732431193e-003	-9.838579e-002
4.731130357431193e-003	-9.929799e-002
4.740895982431193e-003	-9.983644e-002
4.750661607431193e-003	-9.999914e-002
4.760427232431193e-003	-9.978545e-002
4.769609583817451e-003	-9.924192e-002
4.778211818809186e-003	-9.843305e-002
4.783971106051969e-003	-9.773066e-002
4.786802133976617e-003	-9.733842e-002
4.790712688458316e-003	-9.674598e-002
4.792752048461644e-003	-9.641384e-002
4.794069249508443e-003	-9.619088e-002
4.795336019591832e-003	-9.597025e-002
4.796627880277898e-003	-9.573899e-002
4.797867884404521e-003	-9.551108e-002
4.799518201935350e-003	-9.519877e-002
4.800491771036477e-003	-9.500971e-002
4.801481821485563e-003	-9.481382e-002
4.802968884046751e-003	-9.451269e-002
4.804747661771826e-003	-9.414166e-002
4.806536887453347e-003	-9.375659e-002
4.808391562096869e-003	-9.334493e-002
4.810374800623625e-003	-9.289070e-002
4.812811157602655e-003	-9.231296e-002
4.817683871560716e-003	-9.109273e-002
4.827429299476837e-003	-8.839734e-002
4.837194924476837e-003	-8.536401e-002
4.846960549476836e-003	-8.200940e-002
4.856726174476836e-003	-7.834612e-002
4.866491799476836e-003	-7.438796e-002
4.876257424476836e-003	-7.014982e-002
4.886023049476836e-003	-6.564765e-002
4.895788674476835e-003	-6.089840e-002
4.905554299476835e-003	-5.591995e-002
4.915319924476835e-003	-5.073102e-002
4.925085549476835e-003	-4.535115e-002
4.934851174476835e-003	-3.980059e-002
4.944616799476834e-003	-3.410023e-002
4.954382424476834e-003	-2.827153e-002
4.964148049476834e-003	-2.233641e-002
4.973913674476834e-003	-1.631723e-002
4.982501883598668e-003	-1.097225e-002
4.991446901396164e-003	-5.371484e-003
4.998501937742666e-003	-9.412464e-004
5.006234168680540e-003	3.916042e-003
5.015999793680540e-003	1.003604e-002
5.025765418680540e-003	1.611827e-002
5.035531043680539e-003	2.213983e-002
5.045296668680539e-003	2.807806e-002
5.055062293680539e-003	3.391062e-002
5.064827918680539e-003	3.961554e-002
5.074593543680539e-003	4.517135e-002
5.077872921584835e-003	4.699993e-002
5.080475207127780e-003	4.843680e-002
5.082109087063047e-003	4.933237e-002
5.084117727857758e-003	5.042621e-002
5.086226680783448e-003	5.156604e-002
5.088818660415338e-003	5.295450e-002
5.091926886692026e-003	5.460095e-002
5.095896529119688e-003	5.667334e-002
5.100876650554579e-003	5.922325e-002
5.107301288998888e-003	6.242678e-002
5.117066913998888e-003	6.709974e-002
5.126702494973252e-003	7.146302e-002
5.136468119973252e-003	7.561793e-002
5.146233744973252e-003	7.948824e-002
5.155999369973251e-003	8.305937e-002
5.175530619973251e-003	8.925152e-002
5.195061869973251e-003	9.410124e-002
5.214593119973250e-003	9.753559e-002
5.234124369973250e-003	9.950291e-002
5.243889994973250e-003	9.992632e-002
5.253655619973249e-003	9.997362e-002
5.263421244973249e-003	9.964465e-002
5.273186869973249e-003	9.894063e-002
5.280684704721466e-003	9.814721e-002
5.288627238284726e-003	9.706921e-002
5.293308876727982e-003	9.632039e-002
5.299862617954837e-003	9.513229e-002
5.304155252431410e-003	9.426654e-002
5.308594381193697e-003	9.329914e-002
5.311066880727243e-003	9.272879e-002
5.313563558895297e-003	9.213016e-002
5.316230905052223e-003	9.146557e-002
5.320083731569576e-003	9.046029e-002
5.325099077305211e-003	8.907238e-002
5.332521439233716e-003	8.685648e-002
5.342287064233716e-003	8.365411e-002
5.352052689233716e-003	8.013690e-002
5.361818314233715e-003	7.631807e-002
5.371583939233715e-003	7.221199e-002
5.381349564233715e-003	6.783412e-002
5.391115189233715e-003	6.320094e-002
5.400880814233715e-003	5.832989e-002
5.410646439233714e-003	5.323930e-002
5.420412064233714e-003	4.794832e-002
5.430177689233714e-003	4.247688e-002
5.439943314233714e-003	3.684557e-002
5.449708939233714e-003	3.107558e-002
5.459474564233713e-003	2.518862e-002
5.469240189233713e-003	1.920686e-002
5.479005814233713e-003	1.315281e-002
5.488771439233713e-003	7.049262e-003
5.498222979599544e-003	1.116512e-003
5.505537416640696e-003	-3.478560e-003
5.513467759768630e-003	-8.451948e-003
5.523233384768630e-003	-1.454617e-002
5.532999009768630e-003	-2.058565e-002
5.542764634768630e-003	-2.654765e-002
5.552530259768629e-003	-3.240973e-002
5.562295884768629e-003	-3.814983e-002
5.572061509768629e-003	-4.374633e-002
5.576067700322001e-003	-4.599576e-002
5.576229526974650e-003	-4.608602e-002
5.576553180279946e-003	-4.626640e-002
5.577200486890538e-003	-4.662658e-002
5.578495100111724e-003	-4.734463e-002
5.579439157671633e-003	-4.786627e-002
5.580255619142125e-003	-4.831605e-002
5.581339267573199e-003	-4.891105e-002
5.582507277955228e-003	-4.954984e-002
5.583328903902885e-003	-4.999759e-002
5.584276985431977e-003	-5.051260e-002
5.585242338464163e-003	-5.103514e-002
5.586271472368411e-003	-5.159015e-002
5.587876675704795e-003	-5.245151e-002
5.590441278498299e-003	-5.381658e-002
5.593116501933715e-003	-5.522563e-002
5.596702732114118e-003	-5.708996e-002
5.600611334870817e-003	-5.908884e-002
5.607094756830006e-003	-6.232535e-002
5.613917388847339e-003	-6.561942e-002
5.623683013847339e-003	-7.012314e-002
5.630400578755378e-003	-7.306892e-002
5.636679673544822e-003	-7.570484e-002
5.642278856446429e-003	-7.795609e-002
5.648342236552507e-003	-8.028508e-002
5.654351228191950e-003	-8.247825e-002
5.664116853191950e-003	-8.579041e-002
5.673882478191950e-003	-8.877969e-002
5.683648103191949e-003	-9.143481e-002
5.693413728191949e-003	-9.374580e-002
5.703179353191949e-003	-9.570394e-002
5.712944978191949e-003	-9.730188e-002
5.722710603191948e-003	-9.853360e-002
5.732476228191948e-003	-9.939446e-002
5.742241853191948e-003	-9.988122e-002
5.752007478191948e-003	-9.999204e-002
5.761573956597058e-003	-9.973570e-002
5.771231238277158e-003	-9.911154e-002
5.779928043315527e-003	-9.823719e-002
5.784879436351737e-003	-9.760817e-002
5.787681302033360e-003	-9.721033e-002
5.791334149006360e-003	-9.664644e-002
5.793133875243876e-003	-9.634988e-002
5.794340416221006e-003	-9.614416e-002
5.796147238740609e-003	-9.582577e-002
5.797479592062664e-003	-9.558307e-002
5.798774732109141e-003	-9.534073e-002
5.799735124424259e-003	-9.515695e-002
5.800717135085399e-003	-9.496545e-002
5.801694417953428e-003	-9.477128e-002
5.802769097352025e-003	-9.455363e-002
5.804918456149221e-003	-9.410542e-002
5.807019481078249e-003	-9.365070e-002
5.808945460774371e-003	-9.321952e-002
5.813815143830547e-003	-9.206858e-002
5.819540932396595e-003	-9.060514e-002
5.829306557396594e-003	-8.783974e-002
5.839072182396594e-003	-8.474372e-002
5.848837807396594e-003	-8.132876e-002
5.858603432396594e-003	-7.760768e-002
5.868369057396594e-003	-7.359451e-002
5.878134682396593e-003	-6.930435e-002
5.887900307396593e-003	-6.475334e-002
5.897665932396593e-003	-5.995861e-002
5.907431557396593e-003	-5.493822e-002
5.917197182396593e-003	-4.971105e-002
5.926962807396592e-003	-4.429678e-002
5.936728432396592e-003	-3.871578e-002
5.946494057396592e-003	-3.298907e-002
5.956259682396592e-003	-2.713819e-002
5.966025307396592e-003	-2.118517e-002
5.975790932396591e-003	-1.515242e-002
5.983784777740983e-003	-1.017071e-002
5.992149397729307e-003	-4.930679e-003
5.999054787639780e-003	-5.938910e-004
6.006655231267052e-003	4.180387e-003
6.016420856267052e-003	1.029923e-002
6.026186481267052e-003	1.637932e-002
6.035952106267051e-003	2.239775e-002
6.045717731267051e-003	2.833188e-002
6.055483356267051e-003	3.415938e-002
6.065248981267051e-003	3.985832e-002
6.075014606267051e-003	4.540723e-002
6.078326582623111e-003	4.725134e-002
6.081749867503286e-003	4.913591e-002
6.083795164839375e-003	5.025109e-002
6.085378608780464e-003	5.110876e-002
6.087537334190379e-003	5.226986e-002
6.089755858915037e-003	5.345310e-002
6.091782265578031e-003	5.452481e-002
6.094161870032484e-003	5.577201e-002
6.096862285537795e-003	5.717224e-002
6.099662058881288e-003	5.860661e-002
6.103283689594527e-003	6.043506e-002
6.106943806678413e-003	6.225115e-002
6.112216388910289e-003	6.480920e-002
6.117461769719068e-003	6.728348e-002
6.125711058142192e-003	7.102589e-002
6.134030630343711e-003	7.460693e-002
6.143796255343711e-003	7.854968e-002
6.153561880343710e-003	8.219679e-002
6.173093130343710e-003	8.855034e-002
6.192624380343710e-003	9.357200e-002
6.212155630343709e-003	9.718625e-002
6.231686880343709e-003	9.933873e-002
6.241452505343709e-003	9.985582e-002
6.251218130343708e-003	9.999707e-002
6.260983755343708e-003	9.976196e-002
6.270749380343708e-003	9.915136e-002
6.280515005343708e-003	9.816758e-002
6.287251727520094e-003	9.727329e-002
6.293872710392007e-003	9.622457e-002
6.298199308237932e-003	9.544918e-002
6.302761323167474e-003	9.455522e-002
6.305920178972830e-003	9.389066e-002
6.308657922607481e-003	9.328476e-002
6.310532018719384e-003	9.285408e-002
6.312642999782969e-003	9.235353e-002
6.314614385927663e-003	9.187142e-002
6.318077451458136e-003	9.099042e-002
6.321982872336713e-003	8.994523e-002
6.329168243685891e-003	8.788124e-002
6.336754642487916e-003	8.550778e-002
6.346520267487916e-003	8.216739e-002
6.356285892487916e-003	7.851773e-002
6.366051517487916e-003	7.457256e-002
6.375817142487915e-003	7.034670e-002
6.385582767487915e-003	6.585608e-002
6.395348392487915e-003	6.111759e-002
6.405114017487915e-003	5.614907e-002
6.414879642487915e-003	5.096922e-002
6.424645267487914e-003	4.559753e-002
6.434410892487914e-003	4.005422e-002
6.444176517487914e-003	3.436016e-002
6.453942142487914e-003	2.853677e-002
6.463707767487914e-003	2.260598e-002
6.473473392487913e-003	1.659010e-002
6.483239017487913e-003	1.051178e-002
6.491171201845834e-003	5.544453e-003
6.499323463791953e-003	4.250790e-004
6.506248219177191e-003	-3.924863e-003
6.513837735622492e-003	-8.683556e-003
6.523603360622491e-003	-1.477612e-002
6.533368985622491e-003	-2.081308e-002
6.543134610622491e-003	-2.677170e-002
6.552900235622491e-003	-3.262956e-002
6.562665860622491e-003	-3.836460e-002
6.572431485622490e-003	-4.395526e-002
6.576178058510187e-003	-4.605732e-002
6.578556882313619e-003	-4.737882e-002
6.580750822674369e-003	-4.858823e-002
6.582102736726938e-003	-4.932890e-002
6.583461090825174e-003	-5.006950e-002
6.584527262438174e-003	-5.064825e-002
6.585630109947906e-003	-5.124452e-002
6.586849054254440e-003	-5.190069e-002
6.588670267088807e-003	-5.287538e-002
6.591386964812407e-003	-5.431643e-002
6.594267767943270e-003	-5.582723e-002
6.598308907509238e-003	-5.791561e-002
6.602350499001050e-003	-5.996688e-002
6.610184512346330e-003	-6.383169e-002
6.617652518382457e-003	-6.737210e-002
6.627418143382457e-003	-7.177683e-002
6.633228190319923e-003	-7.427026e-002
6.640361791977460e-003	-7.719602e-002
6.644749962444543e-003	-7.891911e-002
6.650817937445517e-003	-8.120271e-002
6.658937996345936e-003	-8.407337e-002
6.668703621345935e-003	-8.723536e-002
6.678469246345935e-003	-9.006901e-002
6.688234871345935e-003	-9.256367e-002
6.698000496345935e-003	-9.470993e-002
6.707766121345935e-003	-9.649973e-002
6.717531746345934e-003	-9.792633e-002
6.727297371345934e-003	-9.898435e-002
6.737062996345934e-003	-9.966981e-002
6.746828621345934e-003	-9.998015e-002
6.755511555909159e-003	-9.994005e-002
6.764603408494001e-003	-9.957933e-002
6.774369033494001e-003	-9.883007e-002
6.783829434734381e-003	-9.774948e-002
6.787691426839301e-003	-9.720884e-002
6.792114173193756e-003	-9.651943e-002
6.792125123475097e-003	-9.651763e-002
6.792168924600462e-003	-9.651043e-002
6.792227326100947e-003	-9.650081e-002
6.792344129101919e-003	-9.648154e-002
6.792577735103862e-003	-9.644284e-002
6.793044947107748e-003	-9.636483e-002
6.793979371115520e-003	-9.620631e-002
6.794882365883317e-003	-9.604996e-002
6.795839733246323e-003	-9.588083e-002
6.796960261178337e-003	-9.567847e-002
6.798370438326245e-003	-9.541706e-002
6.799375132247857e-003	-9.522624e-002
6.800188270794655e-003	-9.506903e-002
6.801062678055941e-003	-9.489720e-002
6.802378307526866e-003	-9.463327e-002
6.803694560182535e-003	-9.436275e-002
6.805075991149269e-003	-9.407189e-002
6.806786111351128e-003	-9.370201e-002
6.808247209388012e-003	-9.337742e-002
6.812702847892521e-003	-9.233911e-002
6.817457223640477e-003	-9.115139e-002
6.826965975136387e-003	-8.853307e-002
6.836731600136387e-003	-8.551528e-002
6.846497225136387e-003	-8.217563e-002
6.856262850136387e-003	-7.852669e-002
6.866028475136387e-003	-7.458220e-002
6.875794100136386e-003	-7.035699e-002
6.885559725136386e-003	-6.586698e-002
6.895325350136386e-003	-6.112905e-002
6.905090975136386e-003	-5.616105e-002
6.914856600136386e-003	-5.098167e-002
6.924622225136385e-003	-4.561041e-002
6.934387850136385e-003	-4.006749e-002
6.944153475136385e-003	-3.437375e-002
6.953919100136385e-003	-2.855065e-002
6.963684725136385e-003	-2.262008e-002
6.973450350136384e-003	-1.660438e-002
6.983215975136384e-003	-1.052618e-002
6.992005823666031e-003	-5.020777e-003
6.999050419926782e-003	-5.966352e-004
7.006841649597775e-003	4.297412e-003
7.016607274597774e-003	1.041573e-002
7.026372899597774e-003	1.649485e-002
7.036138524597774e-003	2.251189e-002
7.045904149597774e-003	2.844420e-002
7.055669774597774e-003	3.426944e-002
7.065435399597773e-003	3.996571e-002
7.075201024597773e-003	4.551155e-002
7.078670833128491e-003	4.744186e-002
7.081943550977627e-003	4.924187e-002
7.083837467389414e-003	5.027407e-002
7.085628769685628e-003	5.124379e-002
7.087685795747783e-003	5.234936e-002
7.089856866467648e-003	5.350672e-002
7.092136105802935e-003	5.471104e-002
7.094643523101966e-003	5.602295e-002
7.097482452668305e-003	5.749150e-002
7.100291881020860e-003	5.892679e-002
7.103889368905582e-003	6.073782e-002
7.107420003650867e-003	6.248503e-002
7.112282006368171e-003	6.484059e-002
7.117375485527989e-003	6.724337e-002
7.125216396251281e-003	7.080676e-002
7.133612716249087e-003	7.443183e-002
7.143378341249087e-003	7.838691e-002
7.153143966249087e-003	8.204696e-002
7.172675216249086e-003	8.842803e-002
7.192206466249086e-003	9.347905e-002
7.211737716249085e-003	9.712407e-002
7.231268966249085e-003	9.930824e-002
7.241034591249085e-003	9.984138e-002
7.250800216249085e-003	9.999873e-002
7.260565841249084e-003	9.977972e-002
7.270331466249084e-003	9.918515e-002
7.280097091249084e-003	9.821728e-002
7.289862716249084e-003	9.687973e-002
7.298164497269177e-003	9.545570e-002
7.306218473388988e-003	9.382599e-002
7.310462743113193e-003	9.287022e-002
7.313309148025515e-003	9.219220e-002
7.316008967306721e-003	9.152184e-002
7.320861761556757e-003	9.025083e-002
7.325510433170496e-003	8.895459e-002
7.333494533884445e-003	8.655185e-002
7.343260158884445e-003	8.331756e-002
7.353025783884444e-003	7.976968e-002
7.362791408884444e-003	7.592156e-002
7.372557033884444e-003	7.178769e-002
7.382322658884444e-003	6.738362e-002
7.392088283884444e-003	6.272595e-002
7.401853908884443e-003	5.783218e-002
7.411619533884443e-003	5.272075e-002
7.421385158884443e-003	4.741088e-002
7.431150783884443e-003	4.192258e-002
7.440916408884443e-003	3.627649e-002
7.450682033884442e-003	3.049386e-002
7.460447658884442e-003	2.459645e-002
7.470213283884442e-003	1.860648e-002
7.479978908884442e-003	1.254647e-002
7.489744533884441e-003	6.439241e-003
7.498642689266821e-003	8.528131e-004
7.505685207549258e-003	-3.571362e-003
7.513441670525178e-003	-8.435613e-003
7.523207295525178e-003	-1.452996e-002
7.532972920525178e-003	-2.056961e-002
7.542738545525177e-003	-2.653185e-002
7.552504170525177e-003	-3.239422e-002
7.562269795525177e-003	-3.813467e-002
7.572035420525177e-003	-4.373159e-002
7.576075427940013e-003	-4.600007e-002
7.576238648814762e-003	-4.609111e-002
7.576565090564261e-003	-4.627303e-002
7.577217974063260e-003	-4.663630e-002
7.578523741061255e-003	-4.736048e-002
7.579473836525505e-003	-4.788540e-002
7.580314246486755e-003	-4.834830e-002
7.581409438899546e-003	-4.894951e-002
7.582593616662371e-003	-4.959695e-002
7.583425462136368e-003	-5.005012e-002
7.584534845341637e-003	-5.065236e-002
7.585564273752165e-003	-5.120899e-002
7.586616580476974e-003	-5.177578e-002
7.588721193926592e-003	-5.290254e-002
7.591357111421110e-003	-5.430068e-002
7.594359825674643e-003	-5.587520e-002
7.598730615956642e-003	-5.813141e-002
7.603062950881736e-003	-6.032450e-002
7.610616586959027e-003	-6.404043e-002
7.618762614704141e-003	-6.788590e-002
7.628528239704141e-003	-7.226073e-002
7.634401138993624e-003	-7.476174e-002
7.641284454817245e-003	-7.756324e-002
7.645788733694532e-003	-7.931827e-002
7.651846346426843e-003	-8.157813e-002
7.661441712666120e-003	-8.491471e-002
7.671207337666120e-003	-8.799360e-002
7.680972962666120e-003	-9.074131e-002
7.690738587666120e-003	-9.314748e-002
7.700504212666120e-003	-9.520307e-002
7.710269837666119e-003	-9.690034e-002
7.720035462666119e-003	-9.823290e-002
7.729801087666119e-003	-9.919573e-002
7.739566712666119e-003	-9.978521e-002
7.749332337666118e-003	-9.999912e-002
7.758102747688440e-003	-9.987043e-002
7.767138707320680e-003	-9.942075e-002
7.776904332320680e-003	-9.857459e-002
7.783882587015488e-003	-9.774242e-002
7.787499477783852e-003	-9.723707e-002
7.791479296895200e-003	-9.662299e-002
7.791574225685871e-003	-9.660760e-002
7.791682715732352e-003	-9.658998e-002
7.791899695825316e-003	-9.655458e-002
7.792333656011242e-003	-9.648327e-002
7.793201576383095e-003	-9.633849e-002
7.794036725344922e-003	-9.619647e-002
7.795150307866902e-003	-9.600298e-002
7.796071420765831e-003	-9.583938e-002
7.797186235621424e-003	-9.563708e-002
7.798888760853147e-003	-9.531909e-002
7.799877339970823e-003	-9.512944e-002
7.801072739477847e-003	-9.489521e-002
7.802260497934046e-003	-9.465718e-002
7.803419076681820e-003	-9.441990e-002
7.804833860093717e-003	-9.412339e-002
7.806560874787021e-003	-9.375135e-002
7.808263887942956e-003	-9.337367e-002
7.810289468007580e-003	-9.291054e-002
7.812554356320179e-003	-9.237488e-002
7.817084132945375e-003	-9.124754e-002
7.826143686195768e-003	-8.877212e-002
7.835909311195767e-003	-8.578196e-002
7.845674936195767e-003	-8.246895e-002
7.855440561195767e-003	-7.884554e-002
7.865206186195767e-003	-7.492537e-002
7.874971811195767e-003	-7.072320e-002
7.884737436195766e-003	-6.625485e-002
7.894503061195766e-003	-6.153712e-002
7.904268686195766e-003	-5.658779e-002
7.914034311195766e-003	-5.142546e-002
7.923799936195766e-003	-4.606959e-002
7.933565561195765e-003	-4.054032e-002
7.943331186195765e-003	-3.485847e-002
7.953096811195765e-003	-2.904542e-002
7.962862436195765e-003	-2.312304e-002
7.972628061195764e-003	-1.711364e-002
7.982393686195764e-003	-1.103982e-002
7.991615018869696e-003	-5.266002e-003
7.998853660519752e-003	-7.202601e-004
8.006752213407253e-003	4.241268e-003
8.016517838407252e-003	1.035984e-002
8.026283463407252e-003	1.643942e-002
8.036049088407252e-003	2.245713e-002
8.045814713407252e-003	2.839032e-002
8.055580338407252e-003	3.421665e-002
8.065345963407251e-003	3.991419e-002
8.075111588407251e-003	4.546151e-002
8.078412896335062e-003	4.729913e-002
8.081790699148828e-003	4.915826e-002
8.083782090033945e-003	5.024399e-002
8.085402141894753e-003	5.112147e-002
8.087598674095699e-003	5.230271e-002
8.089765561128252e-003	5.345825e-002
8.091821129080567e-003	5.454527e-002
8.094155598943071e-003	5.576874e-002
8.096828835361244e-003	5.715500e-002
8.099603714446957e-003	5.857690e-002
8.103176237747553e-003	6.038126e-002
8.106827339188329e-003	6.219386e-002
8.112068171563918e-003	6.473825e-002
8.117313244208222e-003	6.721441e-002
8.125514935376986e-003	7.093909e-002
8.133804857720181e-003	7.451240e-002
8.143570482720181e-003	7.846181e-002
8.153336107720181e-003	8.211592e-002
8.172867357720180e-003	8.848433e-002
8.192398607720180e-003	9.352186e-002
8.211929857720179e-003	9.715274e-002
8.231461107720179e-003	9.932235e-002
8.241226732720179e-003	9.984811e-002
8.250992357720179e-003	9.999806e-002
8.260757982720178e-003	9.977163e-002
8.270523607720178e-003	9.916970e-002
8.280289232720178e-003	9.819451e-002
8.286987034764071e-003	9.731173e-002
8.293590013741118e-003	9.627276e-002
8.297925947785223e-003	9.550027e-002
8.302500957142585e-003	9.460834e-002
8.305778481208738e-003	9.392127e-002
8.308644926152879e-003	9.328771e-002
8.310610983564146e-003	9.283564e-002
8.312802698184440e-003	9.231500e-002
8.314859456161498e-003	9.181049e-002
8.318422817370946e-003	9.090019e-002
8.322452651652615e-003	8.981584e-002
8.329751426695184e-003	8.770581e-002
8.337621731556217e-003	8.522402e-002
8.347387356556216e-003	8.185565e-002
8.357152981556216e-003	7.817918e-002
8.366918606556216e-003	7.420847e-002
8.376684231556216e-003	6.995845e-002
8.386449856556216e-003	6.544513e-002
8.396215481556215e-003	6.068547e-002
8.405981106556215e-003	5.569742e-002
8.415746731556215e-003	5.049973e-002
8.425512356556215e-003	4.511198e-002
8.435277981556215e-003	3.955443e-002
8.445043606556214e-003	3.384801e-002
8.454809231556214e-003	2.801419e-002
8.464574856556214e-003	2.207494e-002
8.474340481556214e-003	1.605260e-002
8.484106106556213e-003	9.969837e-003
8.492011623659678e-003	5.017138e-003
8.500021059143466e-003	-1.323185e-005
8.507367690513518e-003	-4.627603e-003
8.515078821788449e-003	-9.460135e-003
8.524844446788448e-003	-1.554691e-002
8.534610071788448e-003	-2.157516e-002
8.544375696788448e-003	-2.752221e-002
8.554141321788448e-003	-3.336567e-002
8.563906946788448e-003	-3.908356e-002
8.573672571788447e-003	-4.465434e-002
8.573679724345820e-003	-4.465836e-002
8.573708334575313e-003	-4.467444e-002
8.573975363383907e-003	-4.482448e-002
8.574280539165157e-003	-4.499581e-002
8.574890890727657e-003	-4.533796e-002
8.576111593852657e-003	-4.602025e-002
8.577306075983617e-003	-4.668526e-002
8.578858018528358e-003	-4.754536e-002
8.579716995217954e-003	-4.801947e-002
8.580689424384821e-003	-4.855451e-002
8.581401929509647e-003	-4.894539e-002
8.582072808195505e-003	-4.931254e-002
8.583414565567219e-003	-5.004419e-002
8.584387671358726e-003	-5.057261e-002
8.585391101187598e-003	-5.111550e-002
8.586599956972788e-003	-5.176684e-002
8.588224528761922e-003	-5.263747e-002
8.590841685086321e-003	-5.402845e-002
8.593561316586821e-003	-5.545841e-002
8.597185997370622e-003	-5.733900e-002
8.601001042612988e-003	-5.928621e-002
8.608631133097722e-003	-6.307735e-002
8.615503244031432e-003	-6.636804e-002
8.625268869031432e-003	-7.083003e-002
8.631397272032311e-003	-7.349503e-002
8.639236287776761e-003	-7.674456e-002
8.644244688877666e-003	-7.872374e-002
8.650257797460466e-003	-8.099680e-002
8.657111361346108e-003	-8.344642e-002
8.666876986346108e-003	-8.666854e-002
8.676642611346108e-003	-8.956446e-002
8.686408236346107e-003	-9.212327e-002
8.696173861346107e-003	-9.433535e-002
8.705939486346107e-003	-9.619238e-002
8.715705111346107e-003	-9.768736e-002
8.725470736346106e-003	-9.881467e-002
8.735236361346106e-003	-9.957007e-002
8.745001986346106e-003	-9.995069e-002
8.754767611346106e-003	-9.995513e-002
8.763569246533338e-003	-9.963677e-002
8.773334871533338e-003	-9.892710e-002
8.782112294891124e-003	-9.797139e-002
8.786183594134784e-003	-9.742675e-002
8.789930732959783e-003	-9.686913e-002
8.792339707077712e-003	-9.648227e-002
8.793896241179034e-003	-9.622054e-002
8.794974979108123e-003	-9.603375e-002
8.796249541386237e-003	-9.580737e-002
8.797537258080034e-003	-9.557241e-002
8.799035613393205e-003	-9.529115e-002
8.799963209439052e-003	-9.511279e-002
8.801126566416791e-003	-9.488454e-002
8.802248237358068e-003	-9.465966e-002
8.803459159819043e-003	-9.441160e-002
8.804858515237365e-003	-9.411816e-002
8.806595909869335e-003	-9.374369e-002
8.808274124531362e-003	-9.337137e-002
8.810289442946928e-003	-9.291055e-002
8.812589092611551e-003	-9.236652e-002
8.817188391940798e-003	-9.122072e-002
8.826386990599292e-003	-8.870164e-002
8.836152615599292e-003	-8.570330e-002
8.845918240599292e-003	-8.238239e-002
8.855683865599292e-003	-7.875142e-002
8.865449490599291e-003	-7.482404e-002
8.875215115599291e-003	-7.061504e-002
8.884980740599291e-003	-6.614026e-002
8.894746365599291e-003	-6.141655e-002
8.904511990599291e-003	-5.646168e-002
8.914277615599290e-003	-5.129430e-002
8.924043240599290e-003	-4.593385e-002
8.933808865599290e-003	-4.040053e-002
8.943574490599290e-003	-3.471515e-002
8.953340115599289e-003	-2.889910e-002
8.963105740599289e-003	-2.297429e-002
8.972871365599289e-003	-1.696300e-002
8.982636990599289e-003	-1.088787e-002
8.991719520746653e-003	-5.200432e-003
8.998891165895549e-003	-6.966954e-004
9.006748054423506e-003	4.238657e-003
9.016513679423506e-003	1.035724e-002
9.026279304423505e-003	1.643685e-002
9.036044929423505e-003	2.245459e-002
9.045810554423505e-003	2.838781e-002
9.055576179423505e-003	3.421419e-002
9.065341804423505e-003	3.991180e-002
9.075107429423504e-003	4.545918e-002
9.078461137081806e-003	4.732583e-002
9.081811101321122e-003	4.916942e-002
9.083777820383268e-003	5.024167e-002
9.085421533711753e-003	5.113194e-002
9.087637811694591e-003	5.232367e-002
9.089788644472742e-003	5.347051e-002
9.091866515660706e-003	5.456917e-002
9.094190323899855e-003	5.578685e-002
9.096868748128414e-003	5.717557e-002
9.099642899102582e-003	5.859686e-002
9.103206894499812e-003	6.039661e-002
9.106854745159054e-003	6.220734e-002
9.112058735294672e-003	6.473373e-002
9.117265479358302e-003	6.719219e-002
9.126507329321930e-003	7.137719e-002
9.134909044022971e-003	7.497330e-002
9.144674669022971e-003	7.889005e-002
9.154440294022971e-003	8.250988e-002
9.173971544022970e-003	8.880543e-002
9.193502794022970e-003	9.376526e-002
9.213034044022970e-003	9.731477e-002
9.232565294022969e-003	9.940059e-002
9.242330919022969e-003	9.988393e-002
9.252096544022969e-003	9.999132e-002
9.261862169022968e-003	9.972238e-002
9.271627794022968e-003	9.907810e-002
9.281393419022968e-003	9.806091e-002
9.288253000923095e-003	9.712546e-002
9.294884473732891e-003	9.604959e-002
9.299178705126820e-003	9.526385e-002
9.303710859664610e-003	9.435936e-002
9.306558789926908e-003	9.375180e-002
9.308573403757859e-003	9.330388e-002
9.310576180261845e-003	9.284377e-002
9.312727422968840e-003	9.233318e-002
9.314848448297917e-003	9.181324e-002
9.318626866496378e-003	9.084668e-002
9.322452647609428e-003	8.981584e-002
9.330104209835530e-003	8.759911e-002
9.337775760831776e-003	8.517336e-002
9.347541385831775e-003	8.180001e-002
9.357307010831775e-003	7.811880e-002
9.367072635831775e-003	7.414356e-002
9.376838260831775e-003	6.988926e-002
9.386603885831775e-003	6.537192e-002
9.396369510831774e-003	6.060852e-002
9.406135135831774e-003	5.561702e-002
9.415900760831774e-003	5.041618e-002
9.425666385831774e-003	4.502559e-002
9.435432010831774e-003	3.946553e-002
9.445197635831773e-003	3.375693e-002
9.454963260831773e-003	2.792128e-002
9.464728885831773e-003	2.198054e-002
9.474494510831773e-003	1.595706e-002
9.484260135831773e-003	9.873535e-003
9.492169160145045e-003	4.918277e-003
9.500158777512140e-003	-9.976284e-005
9.507565512027437e-003	-4.751761e-003
9.515327320488320e-003	-9.615560e-003
9.525092945488320e-003	-1.570112e-002
9.534858570488320e-003	-2.172759e-002
9.544624195488320e-003	-2.767228e-002
9.554389820488320e-003	-3.351282e-002
9.564155445488319e-003	-3.922722e-002
9.573921070488319e-003	-4.479399e-002
9.573928223045692e-003	-4.479801e-002
9.573956833275185e-003	-4.481408e-002
9.574223862083779e-003	-4.496400e-002
9.574529037865029e-003	-4.513519e-002
9.575139389427528e-003	-4.547707e-002
9.576360092552529e-003	-4.615881e-002
9.577413735916130e-003	-4.674507e-002
9.578799678297818e-003	-4.751310e-002
9.579673223040049e-003	-4.799534e-002
9.580621990492711e-003	-4.851747e-002
9.581955433018530e-003	-4.924836e-002
9.583236433629237e-003	-4.994727e-002
9.584037012683719e-003	-5.038241e-002
9.584767902424954e-003	-5.077856e-002
9.585662734154225e-003	-5.126212e-002
9.587452397612769e-003	-5.222435e-002
9.589188920479268e-003	-5.315170e-002
9.591408391584825e-003	-5.432773e-002
9.595030825259440e-003	-5.622436e-002
9.599096753315408e-003	-5.831844e-002
9.604095474705504e-003	-6.084065e-002
9.611356775904379e-003	-6.439693e-002
9.618853937747307e-003	-6.792802e-002
9.627632903219179e-003	-7.187071e-002
9.633458381434770e-003	-7.436703e-002
9.640470548681534e-003	-7.723945e-002
9.644813030122832e-003	-7.894345e-002
9.650789221819439e-003	-8.119217e-002
9.659809358212802e-003	-8.436855e-002
9.669574983212801e-003	-8.750170e-002
9.679340608212801e-003	-9.030552e-002
9.689106233212801e-003	-9.276946e-002
9.698871858212801e-003	-9.488422e-002
9.708637483212801e-003	-9.664187e-002
9.718403108212800e-003	-9.803578e-002
9.728168733212800e-003	-9.906069e-002
9.737934358212800e-003	-9.971277e-002
9.747699983212800e-003	-9.998956e-002
9.757465608212800e-003	-9.989000e-002
9.766272716219739e-003	-9.947776e-002
9.776038341219739e-003	-9.866467e-002
9.784939324560685e-003	-9.759998e-002
9.788082535594897e-003	-9.715089e-002
9.792465556074046e-003	-9.646145e-002
9.794667296143565e-003	-9.608748e-002
9.796250301453353e-003	-9.580723e-002
9.797875905443152e-003	-9.550959e-002
9.799538597052064e-003	-9.519484e-002
9.800538464312969e-003	-9.500056e-002
9.801613885888585e-003	-9.478741e-002
9.803081424884607e-003	-9.448957e-002
9.804945096389749e-003	-9.409976e-002
9.807059110121112e-003	-9.364197e-002
9.809120815041912e-003	-9.317958e-002
9.814047959856753e-003	-9.201138e-002
9.820148303935294e-003	-9.044299e-002
9.829913928935294e-003	-8.765671e-002
9.839679553935294e-003	-8.454051e-002
9.849445178935294e-003	-8.110611e-002
9.859210803935294e-003	-7.736646e-002
9.868976428935293e-003	-7.333560e-002
9.878742053935293e-003	-6.902874e-002
9.888507678935293e-003	-6.446206e-002
9.898273303935293e-003	-5.965276e-002
9.908038928935293e-003	-5.461895e-002
9.917804553935292e-003	-4.937956e-002
9.927570178935292e-003	-4.395431e-002
9.937335803935292e-003	-3.836364e-002
9.947101428935292e-003	-3.262857e-002
9.956867053935292e-003	-2.677069e-002
9.966632678935291e-003	-2.081206e-002
9.976398303935291e-003	-1.477509e-002
9.984382568433403e-003	-9.796982e-003
9.992583056449693e-003	-4.658516e-003
1.000000000000000e-002	-2.449294e-016
