time	V(vi_op)
0.000000000000000e+000	4.500000e+000
5.937913226178369e-008	4.500037e+000
1.187582645235674e-007	4.500075e+000
1.781373967853511e-007	4.500112e+000
2.375165290471348e-007	4.500149e+000
2.968956613089185e-007	4.500187e+000
3.562747935707021e-007	4.500224e+000
4.156539258324857e-007	4.500261e+000
5.219624034783151e-007	4.500328e+000
6.370082757436243e-007	4.500400e+000
7.675093728619732e-007	4.500482e+000
9.365607519197397e-007	4.500588e+000
1.144624482852178e-006	4.500719e+000
1.414146148972949e-006	4.500888e+000
1.752972134950416e-006	4.501101e+000
2.194043070779091e-006	4.501379e+000
2.760422129390348e-006	4.501734e+000
3.506132951501676e-006	4.502203e+000
4.485718614609461e-006	4.502818e+000
5.802360401793925e-006	4.503644e+000
7.592692609389658e-006	4.504767e+000
1.011555552763926e-005	4.506349e+000
1.385342266844780e-005	4.508687e+000
2.013931233399036e-005	4.512605e+000
2.859665233192515e-005	4.517840e+000
3.836227733192516e-005	4.523820e+000
4.812790233192516e-005	4.529708e+000
5.789352733192516e-005	4.535487e+000
6.619465794990041e-005	4.540290e+000
7.500389726839434e-005	4.545257e+000
8.476952226839433e-005	4.550597e+000
9.453514726839433e-005	4.555748e+000
1.043007722683943e-004	4.560685e+000
1.140663972683943e-004	4.565391e+000
1.238320222683943e-004	4.569846e+000
1.335976472683943e-004	4.574035e+000
1.433632722683943e-004	4.577942e+000
1.531288972683943e-004	4.581552e+000
1.628945222683944e-004	4.584851e+000
1.726601472683944e-004	4.587828e+000
1.824257722683944e-004	4.590470e+000
1.921913972683944e-004	4.592768e+000
2.019570222683944e-004	4.594713e+000
2.117226472683944e-004	4.596299e+000
2.214882722683944e-004	4.597518e+000
2.312538972683944e-004	4.598367e+000
2.410195222683944e-004	4.598842e+000
2.507851472683944e-004	4.598941e+000
2.605507722683944e-004	4.598664e+000
2.703163972683944e-004	4.598012e+000
2.800820222683945e-004	4.596988e+000
2.898476472683945e-004	4.595595e+000
2.996132722683945e-004	4.593840e+000
3.093788972683945e-004	4.591727e+000
3.191445222683945e-004	4.589265e+000
3.289101472683945e-004	4.586464e+000
3.386757722683945e-004	4.583333e+000
3.484413972683945e-004	4.579886e+000
3.582070222683945e-004	4.576135e+000
3.679726472683945e-004	4.572093e+000
3.777382722683945e-004	4.567776e+000
3.875038972683946e-004	4.563201e+000
3.972695222683946e-004	4.558385e+000
4.070351472683946e-004	4.553345e+000
4.168007722683946e-004	4.548100e+000
4.265663972683946e-004	4.542672e+000
4.363320222683946e-004	4.537079e+000
4.460976472683946e-004	4.531343e+000
4.558632722683946e-004	4.525488e+000
4.641061161518860e-004	4.520468e+000
4.726574255284670e-004	4.515197e+000
4.798669036006259e-004	4.510715e+000
4.877378928687326e-004	4.505794e+000
4.975035178687327e-004	4.499668e+000
5.072691428687327e-004	4.493542e+000
5.170347678687327e-004	4.487436e+000
5.268003928687327e-004	4.481374e+000
5.365660178687327e-004	4.475379e+000
5.380043630966554e-004	4.474496e+000
5.394427083245781e-004	4.473616e+000
5.408810535525009e-004	4.472739e+000
5.423193987804235e-004	4.471865e+000
5.437577440083462e-004	4.470995e+000
5.451960892362689e-004	4.470127e+000
5.466344344641917e-004	4.469263e+000
5.469396102454417e-004	4.469080e+000
5.475499618079417e-004	4.468715e+000
5.487706649329417e-004	4.467985e+000
5.502863493808304e-004	4.467082e+000
5.518725864107041e-004	4.466139e+000
5.527217455715653e-004	4.465636e+000
5.533788772019481e-004	4.465247e+000
5.540650034938470e-004	4.464842e+000
5.549822840073401e-004	4.464301e+000
5.556882987067767e-004	4.463885e+000
5.566231305973057e-004	4.463336e+000
5.574984454801855e-004	4.462823e+000
5.584215879998020e-004	4.462284e+000
5.602678730390349e-004	4.461209e+000
5.633423616245628e-004	4.459430e+000
5.666486134474926e-004	4.457533e+000
5.704881141554526e-004	4.455356e+000
5.761823274635244e-004	4.452174e+000
5.820862945219061e-004	4.448939e+000
5.900066014790934e-004	4.444692e+000
5.941970081952315e-004	4.442495e+000
5.984183217261242e-004	4.440328e+000
6.024191835172640e-004	4.438313e+000
6.066646169594058e-004	4.436219e+000
6.110857328698576e-004	4.434094e+000
6.189629620566119e-004	4.430445e+000
6.287285870566119e-004	4.426135e+000
6.384942120566119e-004	4.422086e+000
6.482598370566120e-004	4.418327e+000
6.580254620566120e-004	4.414873e+000
6.775567120566120e-004	4.408926e+000
6.970879620566120e-004	4.404335e+000
7.166192120566120e-004	4.401169e+000
7.361504620566120e-004	4.399476e+000
7.459160870566120e-004	4.399190e+000
7.556817120566120e-004	4.399281e+000
7.654473370566121e-004	4.399747e+000
7.752129620566121e-004	4.400558e+000
7.819474408631575e-004	4.401342e+000
7.899613562652261e-004	4.402523e+000
7.974706432497587e-004	4.403836e+000
8.040747679928612e-004	4.405148e+000
8.072105352893590e-004	4.405829e+000
8.096345525574856e-004	4.406387e+000
8.120394204648905e-004	4.406962e+000
8.135382750516305e-004	4.407331e+000
8.146642886390665e-004	4.407615e+000
8.158353310138548e-004	4.407914e+000
8.168472976533742e-004	4.408177e+000
8.178099569759906e-004	4.408431e+000
8.186243045273687e-004	4.408648e+000
8.193417075076575e-004	4.408841e+000
8.200901464793340e-004	4.409045e+000
8.211184467991237e-004	4.409328e+000
8.223225988234072e-004	4.409664e+000
8.235388665765673e-004	4.410009e+000
8.250554517328611e-004	4.410447e+000
8.263223614611178e-004	4.410818e+000
8.302984126304596e-004	4.412026e+000
8.346505350340434e-004	4.413427e+000
8.433547798412110e-004	4.416410e+000
8.531204048412110e-004	4.420015e+000
8.628860298412110e-004	4.423908e+000
8.726516548412110e-004	4.428085e+000
8.824172798412110e-004	4.432528e+000
8.921829048412110e-004	4.437222e+000
9.019485298412110e-004	4.442150e+000
9.117141548412110e-004	4.447291e+000
9.214797798412110e-004	4.452627e+000
9.312454048412110e-004	4.458138e+000
9.410110298412111e-004	4.463804e+000
9.507766548412111e-004	4.469602e+000
9.605422798412111e-004	4.475511e+000
9.703079048412111e-004	4.481509e+000
9.800735298412110e-004	4.487573e+000
9.898391548412110e-004	4.493680e+000
9.982870916897071e-004	4.498981e+000
1.005754437893775e-003	4.503668e+000
1.013658433873735e-003	4.508617e+000
1.023424058873735e-003	4.514696e+000
1.033189683873735e-003	4.520718e+000
1.042955308873735e-003	4.526659e+000
1.052720933873735e-003	4.532496e+000
1.062486558873735e-003	4.538207e+000
1.072252183873735e-003	4.543771e+000
1.082017808873735e-003	4.549196e+000
1.085733451696233e-003	4.551217e+000
1.087722117106163e-003	4.552280e+000
1.089671577821001e-003	4.553314e+000
1.091673793758804e-003	4.554367e+000
1.093620823147880e-003	4.555382e+000
1.095878448640997e-003	4.556548e+000
1.098105414547983e-003	4.557687e+000
1.100514363591402e-003	4.558907e+000
1.103198353746253e-003	4.560245e+000
1.108566334055955e-003	4.562869e+000
1.113698315575905e-003	4.565310e+000
1.121487596571113e-003	4.568882e+000
1.129060963135320e-003	4.572195e+000
1.138826588135320e-003	4.576220e+000
1.148592213135320e-003	4.579969e+000
1.158357838135320e-003	4.583414e+000
1.168123463135320e-003	4.586542e+000
1.187654713135320e-003	4.591800e+000
1.207185963135320e-003	4.595663e+000
1.226717213135320e-003	4.598074e+000
1.236482838135320e-003	4.598723e+000
1.246248463135320e-003	4.598997e+000
1.256014088135320e-003	4.598895e+000
1.265779713135320e-003	4.598417e+000
1.275545338135320e-003	4.597566e+000
1.285310963135320e-003	4.596355e+000
1.293835196705025e-003	4.595017e+000
1.300080659784420e-003	4.593870e+000
1.303800602342870e-003	4.593109e+000
1.307327937682958e-003	4.592332e+000
1.310790818495117e-003	4.591519e+000
1.315652987320430e-003	4.590299e+000
1.321793256612675e-003	4.588629e+000
1.330919700144843e-003	4.585907e+000
1.340685325144843e-003	4.582705e+000
1.350450950144843e-003	4.579195e+000
1.360216575144843e-003	4.575382e+000
1.369982200144843e-003	4.571282e+000
1.379747825144843e-003	4.566911e+000
1.389513450144843e-003	4.562284e+000
1.399279075144843e-003	4.557421e+000
1.409044700144843e-003	4.552337e+000
1.418810325144843e-003	4.547053e+000
1.428575950144843e-003	4.541589e+000
1.438341575144843e-003	4.535964e+000
1.448107200144843e-003	4.530202e+000
1.457872825144843e-003	4.524322e+000
1.467638450144843e-003	4.518347e+000
1.477404075144843e-003	4.512301e+000
1.485842211826330e-003	4.507036e+000
1.494658341033255e-003	4.501509e+000
1.501636469128721e-003	4.497128e+000
1.509308842678893e-003	4.492318e+000
1.519074467678893e-003	4.486220e+000
1.528840092678893e-003	4.480170e+000
1.538605717678893e-003	4.474192e+000
1.548371342678893e-003	4.468307e+000
1.558136967678893e-003	4.462539e+000
1.567902592678893e-003	4.456885e+000
1.572301258165235e-003	4.454380e+000
1.572327951621213e-003	4.454365e+000
1.572577090543677e-003	4.454225e+000
1.572861820740779e-003	4.454065e+000
1.573431281134983e-003	4.453746e+000
1.574570201923391e-003	4.453110e+000
1.575431049968044e-003	4.452630e+000
1.576180255610816e-003	4.452214e+000
1.577209218921728e-003	4.451644e+000
1.578313495464588e-003	4.451035e+000
1.579151938042108e-003	4.450574e+000
1.579899424758866e-003	4.450164e+000
1.580649474008039e-003	4.449754e+000
1.581547094127671e-003	4.449264e+000
1.582784009779037e-003	4.448593e+000
1.584980812681971e-003	4.447408e+000
1.587094151705966e-003	4.446278e+000
1.590457167443668e-003	4.444499e+000
1.594266938602083e-003	4.442513e+000
1.598719637465292e-003	4.440240e+000
1.606501988496086e-003	4.436376e+000
1.613687196292571e-003	4.432932e+000
1.621911170305298e-003	4.429142e+000
1.627192956873715e-003	4.426807e+000
1.633774410901858e-003	4.424011e+000
1.637749802489959e-003	4.422384e+000
1.643443192023610e-003	4.420158e+000
1.651089473792224e-003	4.417333e+000
1.660855098792224e-003	4.413985e+000
1.670620723792224e-003	4.410941e+000
1.680386348792224e-003	4.408230e+000
1.699917598792224e-003	4.403841e+000
1.709683223792224e-003	4.402181e+000
1.719448848792224e-003	4.400886e+000
1.729214473792224e-003	4.399961e+000
1.738980098792224e-003	4.399409e+000
1.748745723792224e-003	4.399220e+000
1.757289782137518e-003	4.399369e+000
1.766408053637899e-003	4.399858e+000
1.775879753838667e-003	4.400694e+000
1.784006711668364e-003	4.401659e+000
1.788663889909199e-003	4.402326e+000
1.791545316654300e-003	4.402789e+000
1.794555827914401e-003	4.403309e+000
1.796301200306019e-003	4.403625e+000
1.797366502048364e-003	4.403825e+000
1.798877256365366e-003	4.404117e+000
1.800151686635512e-003	4.404369e+000
1.801401474322255e-003	4.404622e+000
1.802385085323663e-003	4.404826e+000
1.803254191326380e-003	4.405008e+000
1.804135110678761e-003	4.405197e+000
1.805188203199545e-003	4.405427e+000
1.807078860955862e-003	4.405849e+000
1.808572032436739e-003	4.406190e+000
1.810252607907519e-003	4.406585e+000
1.812076559397702e-003	4.407026e+000
1.818059510178213e-003	4.408578e+000
1.825945688580540e-003	4.410826e+000
1.835711313580540e-003	4.413875e+000
1.845476938580540e-003	4.417228e+000
1.855242563580540e-003	4.420890e+000
1.865008188580540e-003	4.424846e+000
1.874773813580540e-003	4.429082e+000
1.884539438580540e-003	4.433581e+000
1.894305063580540e-003	4.438328e+000
1.904070688580540e-003	4.443303e+000
1.913836313580540e-003	4.448488e+000
1.923601938580540e-003	4.453864e+000
1.933367563580540e-003	4.459411e+000
1.943133188580540e-003	4.465107e+000
1.952898813580540e-003	4.470931e+000
1.962664438580540e-003	4.476861e+000
1.972430063580540e-003	4.482875e+000
1.982195688580540e-003	4.488949e+000
1.990741734434573e-003	4.494298e+000
1.998232901943552e-003	4.499000e+000
2.006480207882170e-003	4.504176e+000
2.015713001685074e-003	4.509953e+000
2.025478626685074e-003	4.516022e+000
2.035244251685073e-003	4.522029e+000
2.045009876685073e-003	4.527949e+000
2.054775501685073e-003	4.533762e+000
2.064541126685073e-003	4.539444e+000
2.074306751685072e-003	4.545001e+000
2.078044052462142e-003	4.547087e+000
2.080112756991815e-003	4.548225e+000
2.082152354195981e-003	4.549338e+000
2.083613498970626e-003	4.550130e+000
2.085733658961391e-003	4.551271e+000
2.087821589948624e-003	4.552385e+000
2.090848049523642e-003	4.553982e+000
2.094859852517028e-003	4.556071e+000
2.098514693916035e-003	4.557942e+000
2.102924192867315e-003	4.560154e+000
2.108704868671561e-003	4.562976e+000
2.117061002720532e-003	4.566903e+000
2.126826627720532e-003	4.571269e+000
2.136592252720532e-003	4.575373e+000
2.146357877720532e-003	4.579190e+000
2.156123502720531e-003	4.582706e+000
2.175654752720531e-003	4.588783e+000
2.195186002720530e-003	4.593511e+000
2.214717252720530e-003	4.596820e+000
2.234248502720530e-003	4.598660e+000
2.244014127720529e-003	4.599020e+000
2.253779752720529e-003	4.599004e+000
2.263545377720529e-003	4.598612e+000
2.273311002720529e-003	4.597858e+000
2.281769680190011e-003	4.596912e+000
2.289386060704422e-003	4.595832e+000
2.294457027496655e-003	4.594986e+000
2.299438613326378e-003	4.594048e+000
2.304578929255680e-003	4.592989e+000
2.308122330631367e-003	4.592206e+000
2.310497086412538e-003	4.591653e+000
2.312676330478925e-003	4.591122e+000
2.316196051064213e-003	4.590227e+000
2.319877854406112e-003	4.589240e+000
2.325813112977980e-003	4.587542e+000
2.333090861696048e-003	4.585292e+000
2.342856486696048e-003	4.582004e+000
2.352622111696047e-003	4.578424e+000
2.362387736696047e-003	4.574547e+000
2.372153361696047e-003	4.570385e+000
2.381918986696047e-003	4.565956e+000
2.391684611696047e-003	4.561275e+000
2.401450236696046e-003	4.556361e+000
2.411215861696046e-003	4.551231e+000
2.420981486696046e-003	4.545905e+000
2.430747111696046e-003	4.540403e+000
2.440512736696046e-003	4.534747e+000
2.450278361696045e-003	4.528955e+000
2.460043986696045e-003	4.523053e+000
2.469809611696045e-003	4.517060e+000
2.479575236696045e-003	4.511000e+000
2.489340861696044e-003	4.504895e+000
2.498192706600915e-003	4.499342e+000
2.505220442479134e-003	4.494931e+000
2.512971934663653e-003	4.490077e+000
2.522737559663652e-003	4.483996e+000
2.532503184663652e-003	4.477970e+000
2.542268809663652e-003	4.472024e+000
2.552034434663652e-003	4.466180e+000
2.561800059663652e-003	4.460461e+000
2.571565684663651e-003	4.454861e+000
2.575409118267138e-003	4.452694e+000
2.575412675741484e-003	4.452692e+000
2.575585467352563e-003	4.452596e+000
2.575758258963641e-003	4.452500e+000
2.575931050574719e-003	4.452404e+000
2.576103842185798e-003	4.452308e+000
2.576276633796876e-003	4.452212e+000
2.576449425407955e-003	4.452116e+000
2.576622217019033e-003	4.452021e+000
2.577836501595710e-003	4.451349e+000
2.578719189599471e-003	4.450863e+000
2.579450723857298e-003	4.450461e+000
2.580028186443041e-003	4.450144e+000
2.581479969467281e-003	4.449352e+000
2.582426698558353e-003	4.448837e+000
2.583179970628770e-003	4.448429e+000
2.583988909746341e-003	4.447992e+000
2.584989359346375e-003	4.447453e+000
2.586033547957487e-003	4.446893e+000
2.588121925179711e-003	4.445781e+000
2.590408495810792e-003	4.444574e+000
2.594306519644090e-003	4.442545e+000
2.599457563072600e-003	4.439912e+000
2.604233778877567e-003	4.437531e+000
2.611843376006361e-003	4.433856e+000
2.619784243601678e-003	4.430167e+000
2.627633743875110e-003	4.426675e+000
2.633314167216115e-003	4.424262e+000
2.639933009211151e-003	4.421568e+000
2.644298524820368e-003	4.419868e+000
2.650229911143050e-003	4.417681e+000
2.659761863719645e-003	4.414395e+000
2.669527488719645e-003	4.411317e+000
2.679293113719645e-003	4.408567e+000
2.689058738719645e-003	4.406159e+000
2.698824363719645e-003	4.404101e+000
2.708589988719644e-003	4.402400e+000
2.718355613719644e-003	4.401064e+000
2.728121238719644e-003	4.400097e+000
2.737886863719644e-003	4.399503e+000
2.747652488719644e-003	4.399274e+000
2.756362935121973e-003	4.399391e+000
2.765474025551057e-003	4.399848e+000
2.775239650551056e-003	4.400689e+000
2.784347832710822e-003	4.401752e+000
2.787893383412640e-003	4.402259e+000
2.792348456796751e-003	4.402968e+000
2.792367596692100e-003	4.402971e+000
2.792433219190441e-003	4.402983e+000
2.792520715854896e-003	4.402997e+000
2.792695709183805e-003	4.403028e+000
2.793045695841623e-003	4.403089e+000
2.793745669157259e-003	4.403212e+000
2.794482110666527e-003	4.403343e+000
2.795356163175541e-003	4.403501e+000
2.796181344734281e-003	4.403653e+000
2.797223945427269e-003	4.403849e+000
2.799309146813245e-003	4.404253e+000
2.800347173764567e-003	4.404459e+000
2.801740725231432e-003	4.404744e+000
2.803089201011307e-003	4.405025e+000
2.804337227970730e-003	4.405292e+000
2.805709172314732e-003	4.405592e+000
2.807308640203517e-003	4.405951e+000
2.808820238913039e-003	4.406299e+000
2.813514202205093e-003	4.407441e+000
2.818843916411388e-003	4.408857e+000
2.828609541411388e-003	4.411688e+000
2.838375166411388e-003	4.414809e+000
2.848140791411388e-003	4.418248e+000
2.857906416411388e-003	4.421991e+000
2.867672041411387e-003	4.426025e+000
2.877437666411387e-003	4.430335e+000
2.887203291411387e-003	4.434903e+000
2.896968916411387e-003	4.439713e+000
2.906734541411386e-003	4.444748e+000
2.916500166411386e-003	4.449987e+000
2.926265791411386e-003	4.455412e+000
2.936031416411386e-003	4.461001e+000
2.945797041411386e-003	4.466734e+000
2.955562666411385e-003	4.472589e+000
2.965328291411385e-003	4.478545e+000
2.975093916411385e-003	4.484576e+000
2.983316375476608e-003	4.489698e+000
2.991918456533591e-003	4.495086e+000
2.998816160247738e-003	4.499416e+000
3.006445299144837e-003	4.504204e+000
3.016210924144836e-003	4.510313e+000
3.025976549144836e-003	4.516380e+000
3.035742174144836e-003	4.522383e+000
3.045507799144836e-003	4.528299e+000
3.055273424144835e-003	4.534105e+000
3.065039049144835e-003	4.539780e+000
3.074804674144835e-003	4.545331e+000
3.078148416593058e-003	4.547194e+000
3.080861775432678e-003	4.548685e+000
3.082486402284554e-003	4.549570e+000
3.084506019654013e-003	4.550662e+000
3.086487787067000e-003	4.551725e+000
3.088944032182186e-003	4.553030e+000
3.091710602197422e-003	4.554486e+000
3.095128158742120e-003	4.556259e+000
3.099376405049071e-003	4.558426e+000
3.104403047040275e-003	4.560928e+000
3.112548940163615e-003	4.564848e+000
3.121634790996004e-003	4.569030e+000
3.131400415996004e-003	4.573276e+000
3.141166040996004e-003	4.577248e+000
3.150931665996004e-003	4.580925e+000
3.160697290996003e-003	4.584295e+000
3.180228540996003e-003	4.590063e+000
3.199759790996003e-003	4.594465e+000
3.219291040996002e-003	4.597434e+000
3.238822290996002e-003	4.598925e+000
3.248587915996002e-003	4.599109e+000
3.258353540996001e-003	4.598917e+000
3.268119165996001e-003	4.598349e+000
3.277884790996001e-003	4.597409e+000
3.287650415996001e-003	4.596136e+000
3.293383673474777e-003	4.595215e+000
3.299679987247090e-003	4.594050e+000
3.303614034662479e-003	4.593246e+000
3.308062354720751e-003	4.592267e+000
3.310676675977708e-003	4.591658e+000
3.313219644050926e-003	4.591037e+000
3.316017201258743e-003	4.590324e+000
3.319739106812171e-003	4.589333e+000
3.323738404559335e-003	4.588205e+000
3.330971632863575e-003	4.586011e+000
3.340387780632806e-003	4.582912e+000
3.350153405632805e-003	4.579407e+000
3.359919030632805e-003	4.575603e+000
3.369684655632805e-003	4.571512e+000
3.379450280632805e-003	4.567149e+000
3.389215905632805e-003	4.562531e+000
3.398981530632804e-003	4.557673e+000
3.408747155632804e-003	4.552596e+000
3.418512780632804e-003	4.547318e+000
3.428278405632804e-003	4.541859e+000
3.438044030632804e-003	4.536239e+000
3.447809655632803e-003	4.530480e+000
3.457575280632803e-003	4.524603e+000
3.467340905632803e-003	4.518631e+000
3.477106530632803e-003	4.512586e+000
3.486872155632803e-003	4.506491e+000
3.495237730911689e-003	4.501246e+000
3.503772795852752e-003	4.495889e+000
3.511708431104619e-003	4.490917e+000
3.521474056104619e-003	4.484829e+000
3.531239681104619e-003	4.478794e+000
3.541005306104619e-003	4.472836e+000
3.550770931104618e-003	4.466978e+000
3.560536556104618e-003	4.461241e+000
3.570302181104618e-003	4.455623e+000
3.574318493470567e-003	4.453354e+000
3.576743292540709e-003	4.452004e+000
3.579218720779446e-003	4.450638e+000
3.580590076503171e-003	4.449886e+000
3.581593651209041e-003	4.449338e+000
3.582575044340902e-003	4.448805e+000
3.583405474875932e-003	4.448355e+000
3.584535343635046e-003	4.447746e+000
3.585523644546540e-003	4.447214e+000
3.586550451055513e-003	4.446665e+000
3.588604064073460e-003	4.445574e+000
3.591373543819884e-003	4.444116e+000
3.594460195162581e-003	4.442511e+000
3.598924660948991e-003	4.440228e+000
3.603336437027841e-003	4.438022e+000
3.610967984631398e-003	4.434322e+000
3.619005914867642e-003	4.430581e+000
3.628771539867641e-003	4.426243e+000
3.634717328730023e-003	4.423732e+000
3.641536255196079e-003	4.420988e+000
3.646106408056364e-003	4.419231e+000
3.652184393879343e-003	4.417027e+000
3.661950018879343e-003	4.413727e+000
3.671715643879343e-003	4.410720e+000
3.681481268879343e-003	4.408046e+000
3.691246893879343e-003	4.405715e+000
3.701012518879342e-003	4.403737e+000
3.710778143879342e-003	4.402117e+000
3.720543768879342e-003	4.400863e+000
3.730309393879342e-003	4.399980e+000
3.740075018879342e-003	4.399469e+000
3.749840643879341e-003	4.399335e+000
3.759606268879341e-003	4.399568e+000
3.768478059045983e-003	4.400103e+000
3.777185882549212e-003	4.400920e+000
3.784037666855901e-003	4.401745e+000
3.786900601557109e-003	4.402152e+000
3.791151807028365e-003	4.402814e+000
3.791152961309053e-003	4.402814e+000
3.791194845208288e-003	4.402821e+000
3.791236729107523e-003	4.402828e+000
3.791278613006758e-003	4.402835e+000
3.791320496905994e-003	4.402842e+000
3.791362380805229e-003	4.402849e+000
3.791404264704464e-003	4.402856e+000
3.791446148603699e-003	4.402863e+000
3.792332636171764e-003	4.403014e+000
3.793514619595851e-003	4.403219e+000
3.794340642894845e-003	4.403365e+000
3.795390241634996e-003	4.403555e+000
3.796409887961544e-003	4.403743e+000
3.797454728189456e-003	4.403941e+000
3.799544408645280e-003	4.404347e+000
3.800557427302088e-003	4.404549e+000
3.801671030632141e-003	4.404777e+000
3.803303598221177e-003	4.405119e+000
3.804975378264663e-003	4.405480e+000
3.807051799446465e-003	4.405942e+000
3.808865623879185e-003	4.406358e+000
3.813617434735576e-003	4.407516e+000
3.819215727435896e-003	4.409008e+000
3.828981352435896e-003	4.411849e+000
3.838746977435895e-003	4.414982e+000
3.848512602435895e-003	4.418433e+000
3.858278227435895e-003	4.422187e+000
3.868043852435895e-003	4.426232e+000
3.877809477435895e-003	4.430552e+000
3.887575102435894e-003	4.435130e+000
3.897340727435894e-003	4.439949e+000
3.907106352435894e-003	4.444992e+000
3.916871977435894e-003	4.450238e+000
3.926637602435894e-003	4.455669e+000
3.936403227435894e-003	4.461264e+000
3.946168852435894e-003	4.467002e+000
3.955934477435893e-003	4.472862e+000
3.965700102435893e-003	4.478820e+000
3.975465727435893e-003	4.484854e+000
3.983546090272135e-003	4.489889e+000
3.992001960527709e-003	4.495186e+000
3.998894241107132e-003	4.499513e+000
4.006497290033029e-003	4.504284e+000
4.016262915033029e-003	4.510393e+000
4.026028540033029e-003	4.516460e+000
4.035794165033029e-003	4.522462e+000
4.045559790033028e-003	4.528377e+000
4.055325415033028e-003	4.534183e+000
4.065091040033028e-003	4.539856e+000
4.074856665033028e-003	4.545407e+000
4.077986092402274e-003	4.547152e+000
4.080748097205622e-003	4.548670e+000
4.082352249251623e-003	4.549544e+000
4.084349674730542e-003	4.550624e+000
4.086164435433665e-003	4.551599e+000
4.088442626829564e-003	4.552813e+000
4.090867553451916e-003	4.554092e+000
4.093773064303602e-003	4.555607e+000
4.097511982334197e-003	4.557528e+000
4.102028505887357e-003	4.559802e+000
4.108738890632967e-003	4.563083e+000
4.117528885434390e-003	4.567212e+000
4.127294510434389e-003	4.571569e+000
4.137060135434389e-003	4.575659e+000
4.146825760434389e-003	4.579463e+000
4.156591385434389e-003	4.582963e+000
4.176122635434388e-003	4.589008e+000
4.195653885434388e-003	4.593703e+000
4.215185135434387e-003	4.596978e+000
4.234716385434387e-003	4.598783e+000
4.244482010434387e-003	4.599124e+000
4.254247635434387e-003	4.599090e+000
4.264013260434386e-003	4.598680e+000
4.273778885434386e-003	4.597896e+000
4.283544510434386e-003	4.596769e+000
4.290234010841798e-003	4.595789e+000
4.296278475682419e-003	4.594748e+000
4.300758813445829e-003	4.593884e+000
4.305191981155979e-003	4.592957e+000
4.307824057578612e-003	4.592371e+000
4.310435287864392e-003	4.591763e+000
4.312654506602240e-003	4.591226e+000
4.314825925147052e-003	4.590679e+000
4.318391657606203e-003	4.589745e+000
4.322017201074216e-003	4.588741e+000
4.329207245609848e-003	4.586612e+000
4.336758804339280e-003	4.584195e+000
4.346524429339280e-003	4.580791e+000
4.356290054339279e-003	4.577098e+000
4.366055679339279e-003	4.573112e+000
4.375821304339279e-003	4.568848e+000
4.385586929339279e-003	4.564322e+000
4.395352554339278e-003	4.559551e+000
4.405118179339278e-003	4.554554e+000
4.414883804339278e-003	4.549347e+000
4.424649429339278e-003	4.543953e+000
4.434415054339278e-003	4.538391e+000
4.444180679339277e-003	4.532681e+000
4.453946304339277e-003	4.526845e+000
4.463711929339277e-003	4.520906e+000
4.473477554339277e-003	4.514885e+000
4.483243179339277e-003	4.508807e+000
4.491171559378549e-003	4.503844e+000
4.499317860751699e-003	4.498730e+000
4.506246996103783e-003	4.494381e+000
4.513840288515887e-003	4.489629e+000
4.523605913515887e-003	4.483552e+000
4.533371538515887e-003	4.477532e+000
4.543137163515887e-003	4.471594e+000
4.552902788515886e-003	4.465761e+000
4.562668413515886e-003	4.460053e+000
4.572434038515886e-003	4.454468e+000
4.576524850177834e-003	4.452172e+000
4.578584685456120e-003	4.451031e+000
4.578596191238561e-003	4.451025e+000
4.578757272192745e-003	4.450936e+000
4.578941364711812e-003	4.450835e+000
4.579309549749947e-003	4.450633e+000
4.579947290850224e-003	4.450283e+000
4.580346536438986e-003	4.450064e+000
4.581734241099574e-003	4.449308e+000
4.582977190704771e-003	4.448633e+000
4.583819062369348e-003	4.448177e+000
4.584674053635216e-003	4.447717e+000
4.585972907307399e-003	4.447020e+000
4.587272398197056e-003	4.446326e+000
4.589871379976370e-003	4.444950e+000
4.592344810958722e-003	4.443653e+000
4.595629087237225e-003	4.441953e+000
4.599478889444096e-003	4.439995e+000
4.605821397910570e-003	4.436846e+000
4.612458490860470e-003	4.433660e+000
4.621910472479235e-003	4.429307e+000
4.629354600293965e-003	4.426029e+000
4.635283188694933e-003	4.423543e+000
4.641855247365665e-003	4.420912e+000
4.647127386787573e-003	4.418897e+000
4.653005357431195e-003	4.416779e+000
4.662770982431195e-003	4.413507e+000
4.672536607431195e-003	4.410528e+000
4.682302232431194e-003	4.407882e+000
4.692067857431194e-003	4.405581e+000
4.701833482431194e-003	4.403632e+000
4.711599107431194e-003	4.402043e+000
4.721364732431193e-003	4.400820e+000
4.731130357431193e-003	4.399967e+000
4.740895982431193e-003	4.399489e+000
4.750661607431193e-003	4.399386e+000
4.760427232431193e-003	4.399653e+000
4.769609583817451e-003	4.400241e+000
4.778211818809186e-003	4.401073e+000
4.783971106051969e-003	4.401777e+000
4.786802133976617e-003	4.402181e+000
4.790712688458316e-003	4.402794e+000
4.792752048461644e-003	4.403133e+000
4.794069249508443e-003	4.403363e+000
4.795336019591832e-003	4.403591e+000
4.796627880277898e-003	4.403830e+000
4.797867884404521e-003	4.404065e+000
4.799518201935350e-003	4.404387e+000
4.800491771036477e-003	4.404581e+000
4.801481821485563e-003	4.404783e+000
4.802968884046751e-003	4.405093e+000
4.804747661771826e-003	4.405475e+000
4.806536887453347e-003	4.405870e+000
4.808391562096869e-003	4.406293e+000
4.810374800623625e-003	4.406760e+000
4.812811157602655e-003	4.407358e+000
4.817683871560716e-003	4.408637e+000
4.827429299476837e-003	4.411425e+000
4.837194924476837e-003	4.414507e+000
4.846960549476836e-003	4.417909e+000
4.856726174476836e-003	4.421616e+000
4.866491799476836e-003	4.425615e+000
4.876257424476836e-003	4.429892e+000
4.886023049476836e-003	4.434430e+000
4.895788674476835e-003	4.439213e+000
4.905554299476835e-003	4.444221e+000
4.915319924476835e-003	4.449436e+000
4.925085549476835e-003	4.454839e+000
4.934851174476835e-003	4.460410e+000
4.944616799476834e-003	4.466126e+000
4.954382424476834e-003	4.471968e+000
4.964148049476834e-003	4.477912e+000
4.973913674476834e-003	4.483935e+000
4.982501883598668e-003	4.489282e+000
4.991446901396164e-003	4.494883e+000
4.998501937742666e-003	4.499311e+000
5.006234168680540e-003	4.504164e+000
5.015999793680540e-003	4.510273e+000
5.025765418680540e-003	4.516341e+000
5.035531043680539e-003	4.522346e+000
5.045296668680539e-003	4.528264e+000
5.055062293680539e-003	4.534072e+000
5.064827918680539e-003	4.539750e+000
5.074593543680539e-003	4.545304e+000
5.077872921584835e-003	4.547134e+000
5.080475207127780e-003	4.548565e+000
5.082109087063047e-003	4.549457e+000
5.084117727857758e-003	4.550544e+000
5.086226680783448e-003	4.551676e+000
5.088818660415338e-003	4.553055e+000
5.091926886692026e-003	4.554689e+000
5.095896529119688e-003	4.556743e+000
5.100876650554579e-003	4.559268e+000
5.107301288998888e-003	4.562427e+000
5.117066913998888e-003	4.567038e+000
5.126702494973252e-003	4.571357e+000
5.136468119973252e-003	4.575464e+000
5.146233744973252e-003	4.579285e+000
5.155999369973251e-003	4.582804e+000
5.175530619973251e-003	4.588889e+000
5.195061869973251e-003	4.593626e+000
5.214593119973250e-003	4.596944e+000
5.234124369973250e-003	4.598794e+000
5.243889994973250e-003	4.599158e+000
5.253655619973249e-003	4.599147e+000
5.263421244973249e-003	4.598760e+000
5.273186869973249e-003	4.598019e+000
5.280684704721466e-003	4.597195e+000
5.288627238284726e-003	4.596093e+000
5.293308876727982e-003	4.595324e+000
5.299862617954837e-003	4.594100e+000
5.304155252431410e-003	4.593219e+000
5.308594381193697e-003	4.592234e+000
5.311066880727243e-003	4.591654e+000
5.313563558895297e-003	4.591042e+000
5.316230905052223e-003	4.590359e+000
5.320083731569576e-003	4.589325e+000
5.325099077305211e-003	4.587895e+000
5.332521439233716e-003	4.585611e+000
5.342287064233716e-003	4.582342e+000
5.352052689233716e-003	4.578781e+000
5.361818314233715e-003	4.574920e+000
5.371583939233715e-003	4.570775e+000
5.381349564233715e-003	4.566360e+000
5.391115189233715e-003	4.561694e+000
5.400880814233715e-003	4.556792e+000
5.410646439233714e-003	4.551674e+000
5.420412064233714e-003	4.546359e+000
5.430177689233714e-003	4.540867e+000
5.439943314233714e-003	4.535219e+000
5.449708939233714e-003	4.529435e+000
5.459474564233713e-003	4.523538e+000
5.469240189233713e-003	4.517550e+000
5.479005814233713e-003	4.511493e+000
5.488771439233713e-003	4.505390e+000
5.498222979599544e-003	4.499461e+000
5.505537416640696e-003	4.494870e+000
5.513467759768630e-003	4.489905e+000
5.523233384768630e-003	4.483826e+000
5.532999009768630e-003	4.477804e+000
5.542764634768630e-003	4.471862e+000
5.552530259768629e-003	4.466024e+000
5.562295884768629e-003	4.460311e+000
5.572061509768629e-003	4.454720e+000
5.576067700322001e-003	4.452466e+000
5.576229526974650e-003	4.452375e+000
5.576553180279946e-003	4.452196e+000
5.577200486890538e-003	4.451838e+000
5.578495100111724e-003	4.451124e+000
5.579439157671633e-003	4.450605e+000
5.580255619142125e-003	4.450157e+000
5.581339267573199e-003	4.449566e+000
5.582507277955228e-003	4.448931e+000
5.583328903902885e-003	4.448485e+000
5.584276985431977e-003	4.447973e+000
5.585242338464163e-003	4.447454e+000
5.586271472368411e-003	4.446903e+000
5.587876675704795e-003	4.446048e+000
5.590441278498299e-003	4.444693e+000
5.593116501933715e-003	4.443295e+000
5.596702732114118e-003	4.441445e+000
5.600611334870817e-003	4.439468e+000
5.607094756830006e-003	4.436268e+000
5.613917388847339e-003	4.433017e+000
5.623683013847339e-003	4.428556e+000
5.630400578755378e-003	4.425625e+000
5.636679673544822e-003	4.423014e+000
5.642278856446429e-003	4.420789e+000
5.648342236552507e-003	4.418492e+000
5.654351228191950e-003	4.416348e+000
5.664116853191950e-003	4.413120e+000
5.673882478191950e-003	4.410186e+000
5.683648103191949e-003	4.407587e+000
5.693413728191949e-003	4.405334e+000
5.703179353191949e-003	4.403434e+000
5.712944978191949e-003	4.401895e+000
5.722710603191948e-003	4.400723e+000
5.732476228191948e-003	4.399922e+000
5.742241853191948e-003	4.399495e+000
5.752007478191948e-003	4.399442e+000
5.761573956597058e-003	4.399755e+000
5.771231238277158e-003	4.400429e+000
5.779928043315527e-003	4.401315e+000
5.784879436351737e-003	4.401946e+000
5.787681302033360e-003	4.402357e+000
5.791334149006360e-003	4.402938e+000
5.793133875243876e-003	4.403241e+000
5.794340416221006e-003	4.403454e+000
5.796147238740609e-003	4.403783e+000
5.797479592062664e-003	4.404033e+000
5.798774732109141e-003	4.404282e+000
5.799735124424259e-003	4.404471e+000
5.800717135085399e-003	4.404669e+000
5.801694417953428e-003	4.404869e+000
5.802769097352025e-003	4.405094e+000
5.804918456149221e-003	4.405556e+000
5.807019481078249e-003	4.406023e+000
5.808945460774371e-003	4.406464e+000
5.813815143830547e-003	4.407654e+000
5.819540932396595e-003	4.409184e+000
5.829306557396594e-003	4.412035e+000
5.839072182396594e-003	4.415179e+000
5.848837807396594e-003	4.418640e+000
5.858603432396594e-003	4.422405e+000
5.868369057396594e-003	4.426459e+000
5.878134682396593e-003	4.430787e+000
5.887900307396593e-003	4.435373e+000
5.897665932396593e-003	4.440200e+000
5.907431557396593e-003	4.445250e+000
5.917197182396593e-003	4.450503e+000
5.926962807396592e-003	4.455940e+000
5.936728432396592e-003	4.461540e+000
5.946494057396592e-003	4.467282e+000
5.956259682396592e-003	4.473145e+000
5.966025307396592e-003	4.479107e+000
5.975790932396591e-003	4.485142e+000
5.983784777740983e-003	4.490125e+000
5.992149397729307e-003	4.495365e+000
5.999054787639780e-003	4.499700e+000
6.006655231267052e-003	4.504470e+000
6.016420856267052e-003	4.510578e+000
6.026186481267052e-003	4.516644e+000
6.035952106267051e-003	4.522645e+000
6.045717731267051e-003	4.528558e+000
6.055483356267051e-003	4.534362e+000
6.065248981267051e-003	4.540033e+000
6.075014606267051e-003	4.545581e+000
6.078326582623111e-003	4.547424e+000
6.081749867503286e-003	4.549301e+000
6.083795164839375e-003	4.550412e+000
6.085378608780464e-003	4.551264e+000
6.087537334190379e-003	4.552418e+000
6.089755858915037e-003	4.553594e+000
6.091782265578031e-003	4.554659e+000
6.094161870032484e-003	4.555897e+000
6.096862285537795e-003	4.557287e+000
6.099662058881288e-003	4.558710e+000
6.103283689594527e-003	4.560524e+000
6.106943806678413e-003	4.562322e+000
6.112216388910289e-003	4.564854e+000
6.117461769719068e-003	4.567296e+000
6.125711058142192e-003	4.570984e+000
6.134030630343711e-003	4.574516e+000
6.143796255343711e-003	4.578400e+000
6.153561880343710e-003	4.581996e+000
6.173093130343710e-003	4.588243e+000
6.192624380343710e-003	4.593153e+000
6.212155630343709e-003	4.596651e+000
6.231686880343709e-003	4.598685e+000
6.241452505343709e-003	4.599144e+000
6.251218130343708e-003	4.599226e+000
6.260983755343708e-003	4.598932e+000
6.270749380343708e-003	4.598264e+000
6.280515005343708e-003	4.597252e+000
6.287251727520094e-003	4.596339e+000
6.293872710392007e-003	4.595267e+000
6.298199308237932e-003	4.594476e+000
6.302761323167474e-003	4.593561e+000
6.305920178972830e-003	4.592884e+000
6.308657922607481e-003	4.592266e+000
6.310532018719384e-003	4.591826e+000
6.312642999782969e-003	4.591313e+000
6.314614385927663e-003	4.590818e+000
6.318077451458136e-003	4.589912e+000
6.321982872336713e-003	4.588833e+000
6.329168243685891e-003	4.586709e+000
6.336754642487916e-003	4.584281e+000
6.346520267487916e-003	4.580877e+000
6.356285892487916e-003	4.577184e+000
6.366051517487916e-003	4.573198e+000
6.375817142487915e-003	4.568934e+000
6.385582767487915e-003	4.564408e+000
6.395348392487915e-003	4.559638e+000
6.405114017487915e-003	4.554640e+000
6.414879642487915e-003	4.549434e+000
6.424645267487914e-003	4.544040e+000
6.434410892487914e-003	4.538477e+000
6.444176517487914e-003	4.532768e+000
6.453942142487914e-003	4.526932e+000
6.463707767487914e-003	4.520992e+000
6.473473392487913e-003	4.514972e+000
6.483239017487913e-003	4.508893e+000
6.491171201845834e-003	4.503928e+000
6.499323463791953e-003	4.498811e+000
6.506248219177191e-003	4.494465e+000
6.513837735622492e-003	4.489715e+000
6.523603360622491e-003	4.483637e+000
6.533368985622491e-003	4.477618e+000
6.543134610622491e-003	4.471680e+000
6.552900235622491e-003	4.465846e+000
6.562665860622491e-003	4.460138e+000
6.572431485622490e-003	4.454551e+000
6.576178058510187e-003	4.452448e+000
6.578556882313619e-003	4.451132e+000
6.580750822674369e-003	4.449928e+000
6.582102736726938e-003	4.449191e+000
6.583461090825174e-003	4.448454e+000
6.584527262438174e-003	4.447879e+000
6.585630109947906e-003	4.447286e+000
6.586849054254440e-003	4.446635e+000
6.588670267088807e-003	4.445667e+000
6.591386964812407e-003	4.444237e+000
6.594267767943270e-003	4.442739e+000
6.598308907509238e-003	4.440667e+000
6.602350499001050e-003	4.438641e+000
6.610184512346330e-003	4.434824e+000
6.617652518382457e-003	4.431325e+000
6.627418143382457e-003	4.426954e+000
6.633228190319923e-003	4.424477e+000
6.640361791977460e-003	4.421578e+000
6.644749962444543e-003	4.419873e+000
6.650817937445517e-003	4.417638e+000
6.658937996345936e-003	4.414835e+000
6.668703621345935e-003	4.411741e+000
6.678469246345935e-003	4.408963e+000
6.688234871345935e-003	4.406525e+000
6.698000496345935e-003	4.404437e+000
6.707766121345935e-003	4.402706e+000
6.717531746345934e-003	4.401339e+000
6.727297371345934e-003	4.400341e+000
6.737062996345934e-003	4.399714e+000
6.746828621345934e-003	4.399454e+000
6.755511555909159e-003	4.399541e+000
6.764603408494001e-003	4.399966e+000
6.774369033494001e-003	4.400777e+000
6.783829434734381e-003	4.401860e+000
6.787691426839301e-003	4.402404e+000
6.792114173193756e-003	4.403103e+000
6.792125123475097e-003	4.403105e+000
6.792168924600462e-003	4.403113e+000
6.792227326100947e-003	4.403123e+000
6.792344129101919e-003	4.403143e+000
6.792577735103862e-003	4.403183e+000
6.793044947107748e-003	4.403264e+000
6.793979371115520e-003	4.403429e+000
6.794882365883317e-003	4.403590e+000
6.795839733246323e-003	4.403765e+000
6.796960261178337e-003	4.403974e+000
6.798370438326245e-003	4.404244e+000
6.799375132247857e-003	4.404440e+000
6.800188270794655e-003	4.404602e+000
6.801062678055941e-003	4.404779e+000
6.802378307526866e-003	4.405051e+000
6.803694560182535e-003	4.405329e+000
6.805075991149269e-003	4.405628e+000
6.806786111351128e-003	4.406008e+000
6.808247209388012e-003	4.406342e+000
6.812702847892521e-003	4.407413e+000
6.817457223640477e-003	4.408657e+000
6.826965975136387e-003	4.411367e+000
6.836731600136387e-003	4.414436e+000
6.846497225136387e-003	4.417822e+000
6.856262850136387e-003	4.421515e+000
6.866028475136387e-003	4.425501e+000
6.875794100136386e-003	4.429765e+000
6.885559725136386e-003	4.434291e+000
6.895325350136386e-003	4.439062e+000
6.905090975136386e-003	4.444060e+000
6.914856600136386e-003	4.449266e+000
6.924622225136385e-003	4.454660e+000
6.934387850136385e-003	4.460223e+000
6.944153475136385e-003	4.465934e+000
6.953919100136385e-003	4.471770e+000
6.963684725136385e-003	4.477710e+000
6.973450350136384e-003	4.483731e+000
6.983215975136384e-003	4.489810e+000
6.992005823666031e-003	4.495315e+000
6.999050419926782e-003	4.499737e+000
7.006841649597775e-003	4.504626e+000
7.016607274597774e-003	4.510733e+000
7.026372899597774e-003	4.516798e+000
7.036138524597774e-003	4.522798e+000
7.045904149597774e-003	4.528709e+000
7.055669774597774e-003	4.534511e+000
7.065435399597773e-003	4.540179e+000
7.075201024597773e-003	4.545723e+000
7.078670833128491e-003	4.547653e+000
7.081943550977627e-003	4.549446e+000
7.083837467389414e-003	4.550474e+000
7.085628769685628e-003	4.551437e+000
7.087685795747783e-003	4.552536e+000
7.089856866467648e-003	4.553686e+000
7.092136105802935e-003	4.554883e+000
7.094643523101966e-003	4.556185e+000
7.097482452668305e-003	4.557643e+000
7.100291881020860e-003	4.559067e+000
7.103889368905582e-003	4.560863e+000
7.107420003650867e-003	4.562594e+000
7.112282006368171e-003	4.564926e+000
7.117375485527989e-003	4.567297e+000
7.125216396251281e-003	4.570808e+000
7.133612716249087e-003	4.574382e+000
7.143378341249087e-003	4.578279e+000
7.153143966249087e-003	4.581888e+000
7.172675216249086e-003	4.588162e+000
7.192206466249086e-003	4.593101e+000
7.211737716249085e-003	4.596630e+000
7.231268966249085e-003	4.598696e+000
7.241034591249085e-003	4.599170e+000
7.250800216249085e-003	4.599269e+000
7.260565841249084e-003	4.598991e+000
7.270331466249084e-003	4.598339e+000
7.280097091249084e-003	4.597314e+000
7.289862716249084e-003	4.595934e+000
7.298164497269177e-003	4.594477e+000
7.306218473388988e-003	4.592833e+000
7.310462743113193e-003	4.591874e+000
7.313309148025515e-003	4.591184e+000
7.316008967306721e-003	4.590494e+000
7.320861761556757e-003	4.589188e+000
7.325510433170496e-003	4.587855e+000
7.333494533884445e-003	4.585376e+000
7.343260158884445e-003	4.582081e+000
7.353025783884444e-003	4.578489e+000
7.362791408884444e-003	4.574599e+000
7.372557033884444e-003	4.570426e+000
7.382322658884444e-003	4.565986e+000
7.392088283884444e-003	4.561295e+000
7.401853908884443e-003	4.556371e+000
7.411619533884443e-003	4.551232e+000
7.421385158884443e-003	4.545899e+000
7.431150783884443e-003	4.540390e+000
7.440916408884443e-003	4.534727e+000
7.450682033884442e-003	4.528931e+000
7.460447658884442e-003	4.523024e+000
7.470213283884442e-003	4.517028e+000
7.479978908884442e-003	4.510965e+000
7.489744533884441e-003	4.504859e+000
7.498642689266821e-003	4.499277e+000
7.505685207549258e-003	4.494856e+000
7.513441670525178e-003	4.490000e+000
7.523207295525178e-003	4.483921e+000
7.532972920525178e-003	4.477899e+000
7.542738545525177e-003	4.471957e+000
7.552504170525177e-003	4.466118e+000
7.562269795525177e-003	4.460405e+000
7.572035420525177e-003	4.454813e+000
7.576075427940013e-003	4.452539e+000
7.576238648814762e-003	4.452449e+000
7.576565090564261e-003	4.452268e+000
7.577217974063260e-003	4.451907e+000
7.578523741061255e-003	4.451187e+000
7.579473836525505e-003	4.450665e+000
7.580314246486755e-003	4.450204e+000
7.581409438899546e-003	4.449606e+000
7.582593616662371e-003	4.448962e+000
7.583425462136368e-003	4.448512e+000
7.584534845341637e-003	4.447913e+000
7.585564273752165e-003	4.447360e+000
7.586616580476974e-003	4.446797e+000
7.588721193926592e-003	4.445679e+000
7.591357111421110e-003	4.444291e+000
7.594359825674643e-003	4.442729e+000
7.598730615956642e-003	4.440493e+000
7.603062950881736e-003	4.438324e+000
7.610616586959027e-003	4.434657e+000
7.618762614704141e-003	4.430859e+000
7.628528239704141e-003	4.426514e+000
7.634401138993624e-003	4.424028e+000
7.641284454817245e-003	4.421253e+000
7.645788733694532e-003	4.419518e+000
7.651846346426843e-003	4.417314e+000
7.661441712666120e-003	4.414058e+000
7.671207337666120e-003	4.411035e+000
7.680972962666120e-003	4.408343e+000
7.690738587666120e-003	4.405994e+000
7.700504212666120e-003	4.403996e+000
7.710269837666119e-003	4.402358e+000
7.720035462666119e-003	4.401085e+000
7.729801087666119e-003	4.400182e+000
7.739566712666119e-003	4.399652e+000
7.749332337666118e-003	4.399488e+000
7.758102747688440e-003	4.399664e+000
7.767138707320680e-003	4.400177e+000
7.776904332320680e-003	4.401062e+000
7.783882587015488e-003	4.401894e+000
7.787499477783852e-003	4.402410e+000
7.791479296895200e-003	4.403034e+000
7.791574225685871e-003	4.403049e+000
7.791682715732352e-003	4.403068e+000
7.791899695825316e-003	4.403105e+000
7.792333656011242e-003	4.403179e+000
7.793201576383095e-003	4.403329e+000
7.794036725344922e-003	4.403476e+000
7.795150307866902e-003	4.403676e+000
7.796071420765831e-003	4.403845e+000
7.797186235621424e-003	4.404055e+000
7.798888760853147e-003	4.404383e+000
7.799877339970823e-003	4.404577e+000
7.801072739477847e-003	4.404819e+000
7.802260497934046e-003	4.405064e+000
7.803419076681820e-003	4.405308e+000
7.804833860093717e-003	4.405613e+000
7.806560874787021e-003	4.405995e+000
7.808263887942956e-003	4.406383e+000
7.810289468007580e-003	4.406859e+000
7.812554356320179e-003	4.407413e+000
7.817084132945375e-003	4.408592e+000
7.826143686195768e-003	4.411158e+000
7.835909311195767e-003	4.414203e+000
7.845674936195767e-003	4.417562e+000
7.855440561195767e-003	4.421230e+000
7.865206186195767e-003	4.425192e+000
7.874971811195767e-003	4.429433e+000
7.884737436195766e-003	4.433938e+000
7.894503061195766e-003	4.438689e+000
7.904268686195766e-003	4.443668e+000
7.914034311195766e-003	4.448858e+000
7.923799936195766e-003	4.454237e+000
7.933565561195765e-003	4.459786e+000
7.943331186195765e-003	4.465485e+000
7.953096811195765e-003	4.471312e+000
7.962862436195765e-003	4.477243e+000
7.972628061195764e-003	4.483259e+000
7.982393686195764e-003	4.489335e+000
7.991615018869696e-003	4.495107e+000
7.998853660519752e-003	4.499650e+000
8.006752213407253e-003	4.504607e+000
8.016517838407252e-003	4.510715e+000
8.026283463407252e-003	4.516780e+000
8.036049088407252e-003	4.522780e+000
8.045814713407252e-003	4.528693e+000
8.055580338407252e-003	4.534495e+000
8.065345963407251e-003	4.540165e+000
8.075111588407251e-003	4.545711e+000
8.078412896335062e-003	4.547548e+000
8.081790699148828e-003	4.549399e+000
8.083782090033945e-003	4.550481e+000
8.085402141894753e-003	4.551353e+000
8.087598674095699e-003	4.552526e+000
8.089765561128252e-003	4.553675e+000
8.091821129080567e-003	4.554755e+000
8.094155598943071e-003	4.555970e+000
8.096828835361244e-003	4.557346e+000
8.099603714446957e-003	4.558757e+000
8.103176237747553e-003	4.560546e+000
8.106827339188329e-003	4.562341e+000
8.112068171563918e-003	4.564859e+000
8.117313244208222e-003	4.567303e+000
8.125514935376986e-003	4.570974e+000
8.133804857720181e-003	4.574499e+000
8.143570482720181e-003	4.578389e+000
8.153336107720181e-003	4.581992e+000
8.172867357720180e-003	4.588254e+000
8.192398607720180e-003	4.593179e+000
8.211929857720179e-003	4.596694e+000
8.231461107720179e-003	4.598746e+000
8.241226732720179e-003	4.599213e+000
8.250992357720179e-003	4.599304e+000
8.260757982720178e-003	4.599019e+000
8.270523607720178e-003	4.598359e+000
8.280289232720178e-003	4.597356e+000
8.286987034764071e-003	4.596455e+000
8.293590013741118e-003	4.595392e+000
8.297925947785223e-003	4.594604e+000
8.302500957142585e-003	4.593690e+000
8.305778481208738e-003	4.592990e+000
8.308644926152879e-003	4.592344e+000
8.310610983564146e-003	4.591882e+000
8.312802698184440e-003	4.591349e+000
8.314859456161498e-003	4.590830e+000
8.318422817370946e-003	4.589894e+000
8.322452651652615e-003	4.588775e+000
8.329751426695184e-003	4.586603e+000
8.337621731556217e-003	4.584066e+000
8.347387356556216e-003	4.580636e+000
8.357152981556216e-003	4.576917e+000
8.366918606556216e-003	4.572905e+000
8.376684231556216e-003	4.568617e+000
8.386449856556216e-003	4.564069e+000
8.396215481556215e-003	4.559278e+000
8.405981106556215e-003	4.554260e+000
8.415746731556215e-003	4.549037e+000
8.425512356556215e-003	4.543627e+000
8.435277981556215e-003	4.538051e+000
8.445043606556214e-003	4.532329e+000
8.454809231556214e-003	4.526483e+000
8.464574856556214e-003	4.520535e+000
8.474340481556214e-003	4.514508e+000
8.484106106556213e-003	4.508426e+000
8.492011623659678e-003	4.503475e+000
8.500021059143466e-003	4.498447e+000
8.507367690513518e-003	4.493837e+000
8.515078821788449e-003	4.489014e+000
8.524844446788448e-003	4.482943e+000
8.534610071788448e-003	4.476932e+000
8.544375696788448e-003	4.471006e+000
8.554141321788448e-003	4.465187e+000
8.563906946788448e-003	4.459497e+000
8.573672571788447e-003	4.453914e+000
8.573679724345820e-003	4.453910e+000
8.573708334575313e-003	4.453894e+000
8.573975363383907e-003	4.453744e+000
8.574280539165157e-003	4.453574e+000
8.574890890727657e-003	4.453234e+000
8.576111593852657e-003	4.452556e+000
8.577306075983617e-003	4.451894e+000
8.578858018528358e-003	4.451038e+000
8.579716995217954e-003	4.450567e+000
8.580689424384821e-003	4.450035e+000
8.581401929509647e-003	4.449646e+000
8.582072808195505e-003	4.449281e+000
8.583414565567219e-003	4.448554e+000
8.584387671358726e-003	4.448028e+000
8.585391101187598e-003	4.447488e+000
8.586599956972788e-003	4.446841e+000
8.588224528761922e-003	4.445977e+000
8.590841685086321e-003	4.444597e+000
8.593561316586821e-003	4.443178e+000
8.597185997370622e-003	4.441312e+000
8.601001042612988e-003	4.439388e+000
8.608631133097722e-003	4.435641e+000
8.615503244031432e-003	4.432390e+000
8.625268869031432e-003	4.427967e+000
8.631397272032311e-003	4.425322e+000
8.639236287776761e-003	4.422103e+000
8.644244688877666e-003	4.420142e+000
8.650257797460466e-003	4.417908e+000
8.657111361346108e-003	4.415516e+000
8.666876986346108e-003	4.412371e+000
8.676642611346108e-003	4.409531e+000
8.686408236346107e-003	4.407028e+000
8.696173861346107e-003	4.404874e+000
8.705939486346107e-003	4.403075e+000
8.715705111346107e-003	4.401639e+000
8.725470736346106e-003	4.400572e+000
8.735236361346106e-003	4.399877e+000
8.745001986346106e-003	4.399555e+000
8.754767611346106e-003	4.399601e+000
8.763569246533338e-003	4.399973e+000
8.773334871533338e-003	4.400741e+000
8.782112294891124e-003	4.401700e+000
8.786183594134784e-003	4.402249e+000
8.789930732959783e-003	4.402822e+000
8.792339707077712e-003	4.403218e+000
8.793896241179034e-003	4.403487e+000
8.794974979108123e-003	4.403680e+000
8.796249541386237e-003	4.403914e+000
8.797537258080034e-003	4.404157e+000
8.799035613393205e-003	4.404447e+000
8.799963209439052e-003	4.404630e+000
8.801126566416791e-003	4.404865e+000
8.802248237358068e-003	4.405097e+000
8.803459159819043e-003	4.405352e+000
8.804858515237365e-003	4.405654e+000
8.806595909869335e-003	4.406039e+000
8.808274124531362e-003	4.406421e+000
8.810289442946928e-003	4.406894e+000
8.812589092611551e-003	4.407456e+000
8.817188391940798e-003	4.408656e+000
8.826386990599292e-003	4.411266e+000
8.836152615599292e-003	4.414318e+000
8.845918240599292e-003	4.417686e+000
8.855683865599292e-003	4.421360e+000
8.865449490599291e-003	4.425329e+000
8.875215115599291e-003	4.429577e+000
8.884980740599291e-003	4.434088e+000
8.894746365599291e-003	4.438845e+000
8.904511990599291e-003	4.443830e+000
8.914277615599290e-003	4.449024e+000
8.924043240599290e-003	4.454408e+000
8.933808865599290e-003	4.459962e+000
8.943574490599290e-003	4.465664e+000
8.953340115599289e-003	4.471493e+000
8.963105740599289e-003	4.477427e+000
8.972871365599289e-003	4.483444e+000
8.982636990599289e-003	4.489521e+000
8.991719520746653e-003	4.495207e+000
8.998891165895549e-003	4.499709e+000
9.006748054423506e-003	4.504639e+000
9.016513679423506e-003	4.510747e+000
9.026279304423505e-003	4.516812e+000
9.036044929423505e-003	4.522813e+000
9.045810554423505e-003	4.528725e+000
9.055576179423505e-003	4.534527e+000
9.065341804423505e-003	4.540197e+000
9.075107429423504e-003	4.545743e+000
9.078461137081806e-003	4.547609e+000
9.081811101321122e-003	4.549445e+000
9.083777820383268e-003	4.550513e+000
9.085421533711753e-003	4.551398e+000
9.087637811694591e-003	4.552582e+000
9.089788644472742e-003	4.553722e+000
9.091866515660706e-003	4.554813e+000
9.094190323899855e-003	4.556023e+000
9.096868748128414e-003	4.557402e+000
9.099642899102582e-003	4.558812e+000
9.103206894499812e-003	4.560596e+000
9.106854745159054e-003	4.562389e+000
9.112058735294672e-003	4.564890e+000
9.117265479358302e-003	4.567313e+000
9.126507329321930e-003	4.571436e+000
9.134909044022971e-003	4.574988e+000
9.144674669022971e-003	4.578846e+000
9.154440294022971e-003	4.582415e+000
9.173971544022970e-003	4.588603e+000
9.193502794022970e-003	4.593451e+000
9.213034044022970e-003	4.596884e+000
9.232565294022969e-003	4.598852e+000
9.242330919022969e-003	4.599276e+000
9.252096544022969e-003	4.599325e+000
9.261862169022968e-003	4.598997e+000
9.271627794022968e-003	4.598295e+000
9.281393419022968e-003	4.597249e+000
9.288253000923095e-003	4.596294e+000
9.294884473732891e-003	4.595196e+000
9.299178705126820e-003	4.594395e+000
9.303710859664610e-003	4.593471e+000
9.306558789926908e-003	4.592854e+000
9.308573403757859e-003	4.592396e+000
9.310576180261845e-003	4.591925e+000
9.312727422968840e-003	4.591402e+000
9.314848448297917e-003	4.590867e+000
9.318626866496378e-003	4.589874e+000
9.322452647609428e-003	4.588809e+000
9.330104209835530e-003	4.586527e+000
9.337775760831776e-003	4.584050e+000
9.347541385831775e-003	4.580614e+000
9.357307010831775e-003	4.576890e+000
9.367072635831775e-003	4.572874e+000
9.376838260831775e-003	4.568582e+000
9.386603885831775e-003	4.564030e+000
9.396369510831774e-003	4.559234e+000
9.406135135831774e-003	4.554214e+000
9.415900760831774e-003	4.548987e+000
9.425666385831774e-003	4.543574e+000
9.435432010831774e-003	4.537995e+000
9.445197635831773e-003	4.532271e+000
9.454963260831773e-003	4.526424e+000
9.464728885831773e-003	4.520475e+000
9.474494510831773e-003	4.514447e+000
9.484260135831773e-003	4.508364e+000
9.492169160145045e-003	4.503410e+000
9.500158777512140e-003	4.498394e+000
9.507565512027437e-003	4.493747e+000
9.515327320488320e-003	4.488893e+000
9.525092945488320e-003	4.482822e+000
9.534858570488320e-003	4.476814e+000
9.544624195488320e-003	4.470890e+000
9.554389820488320e-003	4.465074e+000
9.564155445488319e-003	4.459387e+000
9.573921070488319e-003	4.453809e+000
9.573928223045692e-003	4.453804e+000
9.573956833275185e-003	4.453789e+000
9.574223862083779e-003	4.453640e+000
9.574529037865029e-003	4.453469e+000
9.575139389427528e-003	4.453130e+000
9.576360092552529e-003	4.452451e+000
9.577413735916130e-003	4.451868e+000
9.578799678297818e-003	4.451104e+000
9.579673223040049e-003	4.450624e+000
9.580621990492711e-003	4.450105e+000
9.581955433018530e-003	4.449378e+000
9.583236433629237e-003	4.448683e+000
9.584037012683719e-003	4.448251e+000
9.584767902424954e-003	4.447857e+000
9.585662734154225e-003	4.447377e+000
9.587452397612769e-003	4.446421e+000
9.589188920479268e-003	4.445500e+000
9.591408391584825e-003	4.444334e+000
9.595030825259440e-003	4.442453e+000
9.599096753315408e-003	4.440377e+000
9.604095474705504e-003	4.437884e+000
9.611356775904379e-003	4.434368e+000
9.618853937747307e-003	4.430878e+000
9.627632903219179e-003	4.426964e+000
9.633458381434770e-003	4.424489e+000
9.640470548681534e-003	4.421642e+000
9.644813030122832e-003	4.419956e+000
9.650789221819439e-003	4.417760e+000
9.659809358212802e-003	4.414660e+000
9.669574983212801e-003	4.411587e+000
9.679340608212801e-003	4.408838e+000
9.689106233212801e-003	4.406431e+000
9.698871858212801e-003	4.404375e+000
9.708637483212801e-003	4.402676e+000
9.718403108212800e-003	4.401341e+000
9.728168733212800e-003	4.400376e+000
9.737934358212800e-003	4.399784e+000
9.747699983212800e-003	4.399567e+000
9.757465608212800e-003	4.399716e+000
9.766272716219739e-003	4.400181e+000
9.776038341219739e-003	4.401053e+000
9.784939324560685e-003	4.402114e+000
9.788082535594897e-003	4.402568e+000
9.792465556074046e-003	4.403279e+000
9.794667296143565e-003	4.403660e+000
9.796250301453353e-003	4.403948e+000
9.797875905443152e-003	4.404256e+000
9.799538597052064e-003	4.404579e+000
9.800538464312969e-003	4.404778e+000
9.801613885888585e-003	4.404998e+000
9.803081424884607e-003	4.405305e+000
9.804945096389749e-003	4.405707e+000
9.807059110121112e-003	4.406178e+000
9.809120815041912e-003	4.406651e+000
9.814047959856753e-003	4.407860e+000
9.820148303935294e-003	4.409499e+000
9.829913928935294e-003	4.412367e+000
9.839679553935294e-003	4.415531e+000
9.849445178935294e-003	4.419011e+000
9.859210803935294e-003	4.422794e+000
9.868976428935293e-003	4.426866e+000
9.878742053935293e-003	4.431211e+000
9.888507678935293e-003	4.435812e+000
9.898273303935293e-003	4.440653e+000
9.908038928935293e-003	4.445716e+000
9.917804553935292e-003	4.450981e+000
9.927570178935292e-003	4.456429e+000
9.937335803935292e-003	4.462038e+000
9.947101428935292e-003	4.467789e+000
9.956867053935292e-003	4.473658e+000
9.966632678935291e-003	4.479625e+000
9.976398303935291e-003	4.485664e+000
9.984382568433403e-003	4.490643e+000
9.992583056449693e-003	4.495781e+000
1.000000000000000e-002	4.500439e+000
