time	V(p001)
0.000000000000000e+000	8.633719e-013
5.937913226178369e-008	-2.352546e-008
1.187582645235674e-007	1.317966e-005
1.781373967853511e-007	3.960957e-005
2.375165290471348e-007	7.926618e-005
2.968956613089185e-007	1.321495e-004
3.562747935707021e-007	1.982596e-004
4.156539258324857e-007	2.775963e-004
5.219624034783151e-007	4.701762e-004
6.370082757436243e-007	7.421495e-004
7.675093728619732e-007	1.131040e-003
9.365607519197397e-007	1.755070e-003
1.144624482852178e-006	2.699333e-003
1.414146148972949e-006	4.195873e-003
1.752972134950416e-006	6.486036e-003
2.194043070779091e-006	1.009776e-002
2.760422129390348e-006	1.568827e-002
3.506132951501676e-006	2.451622e-002
4.485718614609461e-006	3.834419e-002
5.802360401793925e-006	6.035212e-002
7.592692609389658e-006	9.545517e-002
1.011555552763926e-005	1.527221e-001
1.385342266844780e-005	2.491033e-001
2.013931233399036e-005	4.268629e-001
2.859665233192515e-005	6.773183e-001
3.836227733192516e-005	9.676046e-001
4.812790233192516e-005	1.249850e+000
5.789352733192516e-005	1.520070e+000
6.619465794990041e-005	1.738671e+000
7.500389726839434e-005	1.958382e+000
8.476952226839433e-005	2.187678e+000
9.453514726839433e-005	2.401431e+000
1.043007722683943e-004	2.598620e+000
1.140663972683943e-004	2.778714e+000
1.238320222683943e-004	2.941244e+000
1.335976472683943e-004	3.085761e+000
1.433632722683943e-004	3.211889e+000
1.531288972683943e-004	3.319353e+000
1.628945222683944e-004	3.407948e+000
1.726601472683944e-004	3.477539e+000
1.824257722683944e-004	3.528053e+000
1.921913972683944e-004	3.559484e+000
2.019570222683944e-004	3.571893e+000
2.117226472683944e-004	3.565404e+000
2.214882722683944e-004	3.540209e+000
2.312538972683944e-004	3.496564e+000
2.410195222683944e-004	3.434792e+000
2.507851472683944e-004	3.355277e+000
2.605507722683944e-004	3.258467e+000
2.703163972683944e-004	3.144874e+000
2.800820222683945e-004	3.015067e+000
2.898476472683945e-004	2.869671e+000
2.996132722683945e-004	2.709360e+000
3.093788972683945e-004	2.534827e+000
3.191445222683945e-004	2.346814e+000
3.289101472683945e-004	2.146158e+000
3.386757722683945e-004	1.933748e+000
3.484413972683945e-004	1.710499e+000
3.582070222683945e-004	1.477353e+000
3.679726472683945e-004	1.235280e+000
3.777382722683945e-004	9.852654e-001
3.875038972683946e-004	7.283062e-001
3.972695222683946e-004	4.654281e-001
4.070351472683946e-004	1.977369e-001
4.168007722683946e-004	-7.357885e-002
4.265663972683946e-004	-3.473322e-001
4.363320222683946e-004	-6.223912e-001
4.460976472683946e-004	-8.976376e-001
4.558632722683946e-004	-1.171930e+000
4.641061161518860e-004	-1.401607e+000
4.726574255284670e-004	-1.637404e+000
4.798669036006259e-004	-1.833989e+000
4.877378928687326e-004	-2.045658e+000
4.975035178687327e-004	-2.303567e+000
5.072691428687327e-004	-2.555400e+000
5.170347678687327e-004	-2.799859e+000
5.268003928687327e-004	-3.035944e+000
5.365660178687327e-004	-3.262623e+000
5.380043630966554e-004	-3.295932e+000
5.394427083245781e-004	-3.328882e+000
5.408810535525009e-004	-3.361474e+000
5.423193987804235e-004	-3.393708e+000
5.437577440083462e-004	-3.425583e+000
5.451960892362689e-004	-3.457101e+000
5.466344344641917e-004	-3.488260e+000
5.469396102454417e-004	-3.494825e+000
5.475499618079417e-004	-3.507902e+000
5.487706649329417e-004	-3.533894e+000
5.502863493808304e-004	-3.565927e+000
5.518725864107041e-004	-3.599169e+000
5.527217455715653e-004	-3.616813e+000
5.533788772019481e-004	-3.630394e+000
5.540650034938470e-004	-3.644524e+000
5.549822840073401e-004	-3.662663e+000
5.556882987067767e-004	-3.674104e+000
5.566231305973057e-004	-3.685036e+000
5.574984454801855e-004	-3.693298e+000
5.584215879998020e-004	-3.701183e+000
5.602678730390349e-004	-3.716128e+000
5.633423616245628e-004	-3.742337e+000
5.666486134474926e-004	-3.776820e+000
5.704881141554526e-004	-3.827394e+000
5.761823274635244e-004	-3.913731e+000
5.820862945219061e-004	-4.007530e+000
5.900066014790934e-004	-4.127917e+000
5.941970081952315e-004	-4.176447e+000
5.984183217261242e-004	-4.203346e+000
6.024191835172640e-004	-4.214815e+000
6.066646169594058e-004	-4.220562e+000
6.110857328698576e-004	-4.223996e+000
6.189629620566119e-004	-4.227585e+000
6.287285870566119e-004	-4.229990e+000
6.384942120566119e-004	-4.231047e+000
6.482598370566120e-004	-4.231383e+000
6.580254620566120e-004	-4.231366e+000
6.775567120566120e-004	-4.230831e+000
6.970879620566120e-004	-4.229989e+000
7.166192120566120e-004	-4.228810e+000
7.361504620566120e-004	-4.226487e+000
7.459160870566120e-004	-4.224013e+000
7.556817120566120e-004	-4.219114e+000
7.654473370566121e-004	-4.207805e+000
7.752129620566121e-004	-4.180704e+000
7.819474408631575e-004	-4.134964e+000
7.899613562652261e-004	-4.035897e+000
7.974706432497587e-004	-3.908802e+000
8.040747679928612e-004	-3.782382e+000
8.072105352893590e-004	-3.727637e+000
8.096345525574856e-004	-3.696631e+000
8.120394204648905e-004	-3.674974e+000
8.135382750516305e-004	-3.662706e+000
8.146642886390665e-004	-3.650985e+000
8.158353310138548e-004	-3.635385e+000
8.168472976533742e-004	-3.620290e+000
8.178099569759906e-004	-3.604863e+000
8.186243045273687e-004	-3.591044e+000
8.193417075076575e-004	-3.578304e+000
8.200901464793340e-004	-3.564478e+000
8.211184467991237e-004	-3.544770e+000
8.223225988234072e-004	-3.520808e+000
8.235388665765673e-004	-3.495650e+000
8.250554517328611e-004	-3.463180e+000
8.263223614611178e-004	-3.435203e+000
8.302984126304596e-004	-3.343073e+000
8.346505350340434e-004	-3.236277e+000
8.433547798412110e-004	-3.012944e+000
8.531204048412110e-004	-2.751722e+000
8.628860298412110e-004	-2.480840e+000
8.726516548412110e-004	-2.201982e+000
8.824172798412110e-004	-1.916495e+000
8.921829048412110e-004	-1.625534e+000
9.019485298412110e-004	-1.330165e+000
9.117141548412110e-004	-1.031423e+000
9.214797798412110e-004	-7.303243e-001
9.312454048412110e-004	-4.279093e-001
9.410110298412111e-004	-1.253116e-001
9.507766548412111e-004	1.762483e-001
9.605422798412111e-004	4.755868e-001
9.703079048412111e-004	7.716063e-001
9.800735298412110e-004	1.063185e+000
9.898391548412110e-004	1.349244e+000
9.982870916897071e-004	1.591315e+000
1.005754437893775e-003	1.800465e+000
1.013658433873735e-003	2.016490e+000
1.023424058873735e-003	2.275780e+000
1.033189683873735e-003	2.525977e+000
1.042955308873735e-003	2.765696e+000
1.052720933873735e-003	2.994033e+000
1.062486558873735e-003	3.210076e+000
1.072252183873735e-003	3.412962e+000
1.082017808873735e-003	3.601985e+000
1.085733451696233e-003	3.663309e+000
1.087722117106163e-003	3.686125e+000
1.089671577821001e-003	3.700239e+000
1.091673793758804e-003	3.710406e+000
1.093620823147880e-003	3.717957e+000
1.095878448640997e-003	3.725303e+000
1.098105414547983e-003	3.731440e+000
1.100514363591402e-003	3.737192e+000
1.103198353746253e-003	3.742877e+000
1.108566334055955e-003	3.752700e+000
1.113698315575905e-003	3.760396e+000
1.121487596571113e-003	3.769612e+000
1.129060963135320e-003	3.776501e+000
1.138826588135320e-003	3.783028e+000
1.148592213135320e-003	3.787761e+000
1.158357838135320e-003	3.791058e+000
1.168123463135320e-003	3.793268e+000
1.187654713135320e-003	3.795106e+000
1.207185963135320e-003	3.793907e+000
1.226717213135320e-003	3.789387e+000
1.236482838135320e-003	3.785485e+000
1.246248463135320e-003	3.780018e+000
1.256014088135320e-003	3.772343e+000
1.265779713135320e-003	3.761470e+000
1.275545338135320e-003	3.745977e+000
1.285310963135320e-003	3.723056e+000
1.293835196705025e-003	3.692648e+000
1.300080659784420e-003	3.657986e+000
1.303800602342870e-003	3.623695e+000
1.307327937682958e-003	3.575535e+000
1.310790818495117e-003	3.516197e+000
1.315652987320430e-003	3.420509e+000
1.321793256612675e-003	3.287106e+000
1.330919700144843e-003	3.073393e+000
1.340685325144843e-003	2.831638e+000
1.350450950144843e-003	2.578834e+000
1.360216575144843e-003	2.316718e+000
1.369982200144843e-003	2.046538e+000
1.379747825144843e-003	1.769408e+000
1.389513450144843e-003	1.486381e+000
1.399279075144843e-003	1.198491e+000
1.409044700144843e-003	9.067596e-001
1.418810325144843e-003	6.122054e-001
1.428575950144843e-003	3.159010e-001
1.438341575144843e-003	1.902334e-002
1.448107200144843e-003	-2.772120e-001
1.457872825144843e-003	-5.716546e-001
1.467638450144843e-003	-8.632148e-001
1.477404075144843e-003	-1.150907e+000
1.485842211826330e-003	-1.395145e+000
1.494658341033255e-003	-1.645370e+000
1.501636469128721e-003	-1.839546e+000
1.509308842678893e-003	-2.048287e+000
1.519074467678893e-003	-2.306940e+000
1.528840092678893e-003	-2.557025e+000
1.538605717678893e-003	-2.797140e+000
1.548371342678893e-003	-3.026368e+000
1.558136967678893e-003	-3.243774e+000
1.567902592678893e-003	-3.450305e+000
1.572301258165235e-003	-3.539664e+000
1.572327951621213e-003	-3.540177e+000
1.572577090543677e-003	-3.545042e+000
1.572861820740779e-003	-3.550599e+000
1.573431281134983e-003	-3.561676e+000
1.574570201923391e-003	-3.583706e+000
1.575431049968044e-003	-3.600224e+000
1.576180255610816e-003	-3.614489e+000
1.577209218921728e-003	-3.633953e+000
1.578313495464588e-003	-3.654576e+000
1.579151938042108e-003	-3.668526e+000
1.579899424758866e-003	-3.677621e+000
1.580649474008039e-003	-3.684328e+000
1.581547094127671e-003	-3.691467e+000
1.582784009779037e-003	-3.700517e+000
1.584980812681971e-003	-3.715727e+000
1.587094151705966e-003	-3.730577e+000
1.590457167443668e-003	-3.758214e+000
1.594266938602083e-003	-3.798211e+000
1.598719637465292e-003	-3.854159e+000
1.606501988496086e-003	-3.959115e+000
1.613687196292571e-003	-4.053506e+000
1.621911170305298e-003	-4.146131e+000
1.627192956873715e-003	-4.184201e+000
1.633774410901858e-003	-4.205801e+000
1.637749802489959e-003	-4.211656e+000
1.643443192023610e-003	-4.215913e+000
1.651089473792224e-003	-4.219475e+000
1.660855098792224e-003	-4.222048e+000
1.670620723792224e-003	-4.223291e+000
1.680386348792224e-003	-4.223649e+000
1.699917598792224e-003	-4.222449e+000
1.709683223792224e-003	-4.220742e+000
1.719448848792224e-003	-4.217799e+000
1.729214473792224e-003	-4.212515e+000
1.738980098792224e-003	-4.202040e+000
1.748745723792224e-003	-4.178902e+000
1.757289782137518e-003	-4.133335e+000
1.766408053637899e-003	-4.045322e+000
1.775879753838667e-003	-3.917311e+000
1.784006711668364e-003	-3.791666e+000
1.788663889909199e-003	-3.724978e+000
1.791545316654300e-003	-3.694959e+000
1.794555827914401e-003	-3.673461e+000
1.796301200306019e-003	-3.662235e+000
1.797366502048364e-003	-3.653316e+000
1.798877256365366e-003	-3.636564e+000
1.800151686635512e-003	-3.620311e+000
1.801401474322255e-003	-3.602795e+000
1.802385085323663e-003	-3.588028e+000
1.803254191326380e-003	-3.574270e+000
1.804135110678761e-003	-3.559730e+000
1.805188203199545e-003	-3.541588e+000
1.807078860955862e-003	-3.507595e+000
1.808572032436739e-003	-3.479603e+000
1.810252607907519e-003	-3.446853e+000
1.812076559397702e-003	-3.410167e+000
1.818059510178213e-003	-3.282042e+000
1.825945688580540e-003	-3.102169e+000
1.835711313580540e-003	-2.868181e+000
1.845476938580540e-003	-2.623167e+000
1.855242563580540e-003	-2.368253e+000
1.865008188580540e-003	-2.104669e+000
1.874773813580540e-003	-1.833515e+000
1.884539438580540e-003	-1.555842e+000
1.894305063580540e-003	-1.272679e+000
1.904070688580540e-003	-9.850482e-001
1.913836313580540e-003	-6.939629e-001
1.923601938580540e-003	-4.004702e-001
1.933367563580540e-003	-1.057159e-001
1.943133188580540e-003	1.890794e-001
1.952898813580540e-003	4.827349e-001
1.962664438580540e-003	7.741457e-001
1.972430063580540e-003	1.062172e+000
1.982195688580540e-003	1.345667e+000
1.990741734434573e-003	1.589109e+000
1.998232901943552e-003	1.798262e+000
2.006480207882170e-003	2.023645e+000
2.015713001685074e-003	2.269569e+000
2.025478626685074e-003	2.521502e+000
2.035244251685073e-003	2.763957e+000
2.045009876685073e-003	2.995889e+000
2.054775501685073e-003	3.216348e+000
2.064541126685073e-003	3.424426e+000
2.074306751685072e-003	3.616417e+000
2.078044052462142e-003	3.675651e+000
2.080112756991815e-003	3.696767e+000
2.082152354195981e-003	3.709516e+000
2.083613498970626e-003	3.716135e+000
2.085733658961391e-003	3.723920e+000
2.087821589948624e-003	3.730388e+000
2.090848049523642e-003	3.738292e+000
2.094859852517028e-003	3.747377e+000
2.098514693916035e-003	3.754393e+000
2.102924192867315e-003	3.761499e+000
2.108704868671561e-003	3.769249e+000
2.117061002720532e-003	3.778010e+000
2.126826627720532e-003	3.785575e+000
2.136592252720532e-003	3.791015e+000
2.146357877720532e-003	3.794928e+000
2.156123502720531e-003	3.797728e+000
2.175654752720531e-003	3.800837e+000
2.195186002720530e-003	3.801247e+000
2.214717252720530e-003	3.799093e+000
2.234248502720530e-003	3.793911e+000
2.244014127720529e-003	3.789763e+000
2.253779752720529e-003	3.784078e+000
2.263545377720529e-003	3.776154e+000
2.273311002720529e-003	3.764871e+000
2.281769680190011e-003	3.751221e+000
2.289386060704422e-003	3.735103e+000
2.294457027496655e-003	3.720827e+000
2.299438613326378e-003	3.701921e+000
2.304578929255680e-003	3.676263e+000
2.308122330631367e-003	3.651454e+000
2.310497086412538e-003	3.626845e+000
2.312676330478925e-003	3.595908e+000
2.316196051064213e-003	3.535285e+000
2.319877854406112e-003	3.462550e+000
2.325813112977980e-003	3.331796e+000
2.333090861696048e-003	3.158285e+000
2.342856486696048e-003	2.911099e+000
2.352622111696047e-003	2.652781e+000
2.362387736696047e-003	2.385072e+000
2.372153361696047e-003	2.109520e+000
2.381918986696047e-003	1.827312e+000
2.391684611696047e-003	1.539539e+000
2.401450236696046e-003	1.247246e+000
2.411215861696046e-003	9.514589e-001
2.420981486696046e-003	6.531965e-001
2.430747111696046e-003	3.535186e-001
2.440512736696046e-003	5.358839e-002
2.450278361696045e-003	-2.453759e-001
2.460043986696045e-003	-5.422155e-001
2.469809611696045e-003	-8.358433e-001
2.479575236696045e-003	-1.125096e+000
2.489340861696044e-003	-1.408799e+000
2.498192706600915e-003	-1.660462e+000
2.505220442479134e-003	-1.855922e+000
2.512971934663653e-003	-2.066393e+000
2.522737559663652e-003	-2.324101e+000
2.532503184663652e-003	-2.572821e+000
2.542268809663652e-003	-2.811163e+000
2.552034434663652e-003	-3.038222e+000
2.561800059663652e-003	-3.253083e+000
2.571565684663651e-003	-3.456959e+000
2.575409118267138e-003	-3.533972e+000
2.575412675741484e-003	-3.534038e+000
2.575585467352563e-003	-3.537378e+000
2.575758258963641e-003	-3.540712e+000
2.575931050574719e-003	-3.544042e+000
2.576103842185798e-003	-3.547366e+000
2.576276633796876e-003	-3.550685e+000
2.576449425407955e-003	-3.554000e+000
2.576622217019033e-003	-3.557309e+000
2.577836501595710e-003	-3.580475e+000
2.578719189599471e-003	-3.597174e+000
2.579450723857298e-003	-3.610898e+000
2.580028186443041e-003	-3.621677e+000
2.581479969467281e-003	-3.648568e+000
2.582426698558353e-003	-3.664740e+000
2.583179970628770e-003	-3.674619e+000
2.583988909746341e-003	-3.682278e+000
2.584989359346375e-003	-3.690314e+000
2.586033547957487e-003	-3.697788e+000
2.588121925179711e-003	-3.711625e+000
2.590408495810792e-003	-3.727342e+000
2.594306519644090e-003	-3.759489e+000
2.599457563072600e-003	-3.813698e+000
2.604233778877567e-003	-3.873080e+000
2.611843376006361e-003	-3.972964e+000
2.619784243601678e-003	-4.071970e+000
2.627633743875110e-003	-4.152165e+000
2.633314167216115e-003	-4.187419e+000
2.639933009211151e-003	-4.205492e+000
2.644298524820368e-003	-4.210892e+000
2.650229911143050e-003	-4.214754e+000
2.659761863719645e-003	-4.218482e+000
2.669527488719645e-003	-4.220492e+000
2.679293113719645e-003	-4.221219e+000
2.689058738719645e-003	-4.221064e+000
2.698824363719645e-003	-4.220098e+000
2.708589988719644e-003	-4.218130e+000
2.718355613719644e-003	-4.214572e+000
2.728121238719644e-003	-4.208046e+000
2.737886863719644e-003	-4.194697e+000
2.747652488719644e-003	-4.164788e+000
2.756362935121973e-003	-4.109055e+000
2.765474025551057e-003	-4.012782e+000
2.775239650551056e-003	-3.878020e+000
2.784347832710822e-003	-3.744156e+000
2.787893383412640e-003	-3.703715e+000
2.792348456796751e-003	-3.670219e+000
2.792367596692100e-003	-3.670118e+000
2.792433219190441e-003	-3.669738e+000
2.792520715854896e-003	-3.669249e+000
2.792695709183805e-003	-3.668308e+000
2.793045695841623e-003	-3.666482e+000
2.793745669157259e-003	-3.662485e+000
2.794482110666527e-003	-3.656912e+000
2.795356163175541e-003	-3.648404e+000
2.796181344734281e-003	-3.639179e+000
2.797223945427269e-003	-3.626177e+000
2.799309146813245e-003	-3.597657e+000
2.800347173764567e-003	-3.582211e+000
2.801740725231432e-003	-3.559914e+000
2.803089201011307e-003	-3.537271e+000
2.804337227970730e-003	-3.515369e+000
2.805709172314732e-003	-3.490328e+000
2.807308640203517e-003	-3.460135e+000
2.808820238913039e-003	-3.430692e+000
2.813514202205093e-003	-3.334372e+000
2.818843916411388e-003	-3.217915e+000
2.828609541411388e-003	-2.993507e+000
2.838375166411388e-003	-2.757751e+000
2.848140791411388e-003	-2.511090e+000
2.857906416411388e-003	-2.254943e+000
2.867672041411387e-003	-1.990425e+000
2.877437666411387e-003	-1.718604e+000
2.887203291411387e-003	-1.440511e+000
2.896968916411387e-003	-1.157169e+000
2.906734541411386e-003	-8.695962e-001
2.916500166411386e-003	-5.788125e-001
2.926265791411386e-003	-2.858941e-001
2.936031416411386e-003	7.972986e-003
2.945797041411386e-003	3.015699e-001
2.955562666411385e-003	5.937485e-001
2.965328291411385e-003	8.834120e-001
2.975093916411385e-003	1.169569e+000
2.983316375476608e-003	1.406588e+000
2.991918456533591e-003	1.650068e+000
2.998816160247738e-003	1.841759e+000
3.006445299144837e-003	2.049350e+000
3.016210924144836e-003	2.308388e+000
3.025976549144836e-003	2.559215e+000
3.035742174144836e-003	2.800425e+000
3.045507799144836e-003	3.031080e+000
3.055273424144835e-003	3.250226e+000
3.065039049144835e-003	3.456963e+000
3.074804674144835e-003	3.643578e+000
3.078148416593058e-003	3.688397e+000
3.080861775432678e-003	3.708376e+000
3.082486402284554e-003	3.716309e+000
3.084506019654013e-003	3.723961e+000
3.086487787067000e-003	3.730253e+000
3.088944032182186e-003	3.736959e+000
3.091710602197422e-003	3.743564e+000
3.095128158742120e-003	3.750659e+000
3.099376405049071e-003	3.758246e+000
3.104403047040275e-003	3.765678e+000
3.112548940163615e-003	3.775195e+000
3.121634790996004e-003	3.783289e+000
3.131400415996004e-003	3.789598e+000
3.141166040996004e-003	3.794106e+000
3.150931665996004e-003	3.797358e+000
3.160697290996003e-003	3.799659e+000
3.180228540996003e-003	3.802023e+000
3.199759790996003e-003	3.801828e+000
3.219291040996002e-003	3.799071e+000
3.238822290996002e-003	3.793136e+000
3.248587915996002e-003	3.788454e+000
3.258353540996001e-003	3.782018e+000
3.268119165996001e-003	3.772976e+000
3.277884790996001e-003	3.760022e+000
3.287650415996001e-003	3.741856e+000
3.293383673474777e-003	3.727176e+000
3.299679987247090e-003	3.705933e+000
3.303614034662479e-003	3.687767e+000
3.308062354720751e-003	3.659402e+000
3.310676675977708e-003	3.635333e+000
3.313219644050926e-003	3.602023e+000
3.316017201258743e-003	3.555314e+000
3.319739106812171e-003	3.483290e+000
3.323738404559335e-003	3.397327e+000
3.330971632863575e-003	3.227895e+000
3.340387780632806e-003	2.992878e+000
3.350153405632805e-003	2.736774e+000
3.359919030632805e-003	2.470781e+000
3.369684655632805e-003	2.196598e+000
3.379450280632805e-003	1.915474e+000
3.389215905632805e-003	1.628528e+000
3.398981530632804e-003	1.336813e+000
3.408747155632804e-003	1.041363e+000
3.418512780632804e-003	7.431964e-001
3.428278405632804e-003	4.433518e-001
3.438044030632804e-003	1.429579e-001
3.447809655632803e-003	-1.567698e-001
3.457575280632803e-003	-4.546468e-001
3.467340905632803e-003	-7.495723e-001
3.477106530632803e-003	-1.040434e+000
3.486872155632803e-003	-1.326169e+000
3.495237730911689e-003	-1.565730e+000
3.503772795852752e-003	-1.804690e+000
3.511708431104619e-003	-2.021515e+000
3.521474056104619e-003	-2.280718e+000
3.531239681104619e-003	-2.531018e+000
3.541005306104619e-003	-2.771051e+000
3.550770931104618e-003	-2.999911e+000
3.560536556104618e-003	-3.216683e+000
3.570302181104618e-003	-3.422527e+000
3.574318493470567e-003	-3.503456e+000
3.576743292540709e-003	-3.550596e+000
3.579218720779446e-003	-3.597692e+000
3.580590076503171e-003	-3.623375e+000
3.581593651209041e-003	-3.641959e+000
3.582575044340902e-003	-3.659286e+000
3.583405474875932e-003	-3.671143e+000
3.584535343635046e-003	-3.682597e+000
3.585523644546540e-003	-3.690582e+000
3.586550451055513e-003	-3.697897e+000
3.588604064073460e-003	-3.711397e+000
3.591373543819884e-003	-3.730059e+000
3.594460195162581e-003	-3.755017e+000
3.598924660948991e-003	-3.800925e+000
3.603336437027841e-003	-3.854569e+000
3.610967984631398e-003	-3.953896e+000
3.619005914867642e-003	-4.053765e+000
3.628771539867641e-003	-4.153401e+000
3.634717328730023e-003	-4.189478e+000
3.641536255196079e-003	-4.206358e+000
3.646106408056364e-003	-4.211417e+000
3.652184393879343e-003	-4.215020e+000
3.661950018879343e-003	-4.218485e+000
3.671715643879343e-003	-4.220261e+000
3.681481268879343e-003	-4.220811e+000
3.691246893879343e-003	-4.220481e+000
3.701012518879342e-003	-4.219290e+000
3.710778143879342e-003	-4.216971e+000
3.720543768879342e-003	-4.212783e+000
3.730309393879342e-003	-4.204914e+000
3.740075018879342e-003	-4.188104e+000
3.749840643879341e-003	-4.149092e+000
3.759606268879341e-003	-4.073065e+000
3.768478059045983e-003	-3.968586e+000
3.777185882549212e-003	-3.842827e+000
3.784037666855901e-003	-3.741107e+000
3.786900601557109e-003	-3.708123e+000
3.791151807028365e-003	-3.674818e+000
3.791152961309053e-003	-3.674809e+000
3.791194845208288e-003	-3.674564e+000
3.791236729107523e-003	-3.674321e+000
3.791278613006758e-003	-3.674080e+000
3.791320496905994e-003	-3.673841e+000
3.791362380805229e-003	-3.673604e+000
3.791404264704464e-003	-3.673368e+000
3.791446148603699e-003	-3.673134e+000
3.792332636171764e-003	-3.668368e+000
3.793514619595851e-003	-3.661545e+000
3.794340642894845e-003	-3.655046e+000
3.795390241634996e-003	-3.644303e+000
3.796409887961544e-003	-3.632457e+000
3.797454728189456e-003	-3.618944e+000
3.799544408645280e-003	-3.589406e+000
3.800557427302088e-003	-3.573986e+000
3.801671030632141e-003	-3.555872e+000
3.803303598221177e-003	-3.528008e+000
3.804975378264663e-003	-3.498054e+000
3.807051799446465e-003	-3.459152e+000
3.808865623879185e-003	-3.423886e+000
3.813617434735576e-003	-3.326107e+000
3.819215727435896e-003	-3.203540e+000
3.828981352435896e-003	-2.978756e+000
3.838746977435895e-003	-2.742683e+000
3.848512602435895e-003	-2.495800e+000
3.858278227435895e-003	-2.239477e+000
3.868043852435895e-003	-1.974822e+000
3.877809477435895e-003	-1.702900e+000
3.887575102435894e-003	-1.424741e+000
3.897340727435894e-003	-1.141367e+000
3.907106352435894e-003	-8.537952e-001
3.916871977435894e-003	-5.630473e-001
3.926637602435894e-003	-2.702045e-001
3.936403227435894e-003	2.354230e-002
3.946168852435894e-003	3.169762e-001
3.955934477435893e-003	6.089534e-001
3.965700102435893e-003	8.983766e-001
3.975465727435893e-003	1.184265e+000
3.983546090272135e-003	1.416964e+000
3.992001960527709e-003	1.656101e+000
3.998894241107132e-003	1.847518e+000
4.006497290033029e-003	2.054286e+000
4.016262915033029e-003	2.313178e+000
4.026028540033029e-003	2.563859e+000
4.035794165033029e-003	2.804919e+000
4.045559790033028e-003	3.035423e+000
4.055325415033028e-003	3.254415e+000
4.065091040033028e-003	3.460995e+000
4.074856665033028e-003	3.647533e+000
4.077986092402274e-003	3.688942e+000
4.080748097205622e-003	3.708756e+000
4.082352249251623e-003	3.716548e+000
4.084349674730542e-003	3.724121e+000
4.086164435433665e-003	3.729927e+000
4.088442626829564e-003	3.736224e+000
4.090867553451916e-003	3.742147e+000
4.093773064303602e-003	3.748412e+000
4.097511982334197e-003	3.755464e+000
4.102028505887357e-003	3.762706e+000
4.108738890632967e-003	3.771419e+000
4.117528885434390e-003	3.780263e+000
4.127294510434389e-003	3.787475e+000
4.137060135434389e-003	3.792620e+000
4.146825760434389e-003	3.796335e+000
4.156591385434389e-003	3.799001e+000
4.176122635434388e-003	3.801944e+000
4.195653885434388e-003	3.802267e+000
4.215185135434387e-003	3.800077e+000
4.234716385434387e-003	3.794920e+000
4.244482010434387e-003	3.790820e+000
4.254247635434387e-003	3.785223e+000
4.264013260434386e-003	3.777437e+000
4.273778885434386e-003	3.766365e+000
4.283544510434386e-003	3.750639e+000
4.290234010841798e-003	3.735813e+000
4.296278475682419e-003	3.718259e+000
4.300758813445829e-003	3.701681e+000
4.305191981155979e-003	3.680913e+000
4.307824057578612e-003	3.663845e+000
4.310435287864392e-003	3.639746e+000
4.312654506602240e-003	3.611860e+000
4.314825925147052e-003	3.577393e+000
4.318391657606203e-003	3.511866e+000
4.322017201074216e-003	3.436813e+000
4.329207245609848e-003	3.272785e+000
4.336758804339280e-003	3.088000e+000
4.346524429339280e-003	2.835600e+000
4.356290054339279e-003	2.573025e+000
4.366055679339279e-003	2.301669e+000
4.375821304339279e-003	2.022926e+000
4.385586929339279e-003	1.737956e+000
4.395352554339278e-003	1.447830e+000
4.405118179339278e-003	1.153588e+000
4.414883804339278e-003	8.562545e-001
4.424649429339278e-003	5.568532e-001
4.434415054339278e-003	2.564698e-001
4.444180679339277e-003	-4.370224e-002
4.453946304339277e-003	-3.424521e-001
4.463711929339277e-003	-6.386511e-001
4.473477554339277e-003	-9.312140e-001
4.483243179339277e-003	-1.219224e+000
4.491171559378549e-003	-1.448541e+000
4.499317860751699e-003	-1.679332e+000
4.506246996103783e-003	-1.871671e+000
4.513840288515887e-003	-2.077505e+000
4.523605913515887e-003	-2.334728e+000
4.533371538515887e-003	-2.582903e+000
4.543137163515887e-003	-2.820610e+000
4.552902788515886e-003	-3.046945e+000
4.562668413515886e-003	-3.260997e+000
4.572434038515886e-003	-3.463891e+000
4.576524850177834e-003	-3.545051e+000
4.578584685456120e-003	-3.584661e+000
4.578596191238561e-003	-3.584874e+000
4.578757272192745e-003	-3.587918e+000
4.578941364711812e-003	-3.591388e+000
4.579309549749947e-003	-3.598296e+000
4.579947290850224e-003	-3.610210e+000
4.580346536438986e-003	-3.617650e+000
4.581734241099574e-003	-3.643315e+000
4.582977190704771e-003	-3.664452e+000
4.583819062369348e-003	-3.675265e+000
4.584674053635216e-003	-3.683062e+000
4.585972907307399e-003	-3.693115e+000
4.587272398197056e-003	-3.702244e+000
4.589871379976370e-003	-3.719620e+000
4.592344810958722e-003	-3.737003e+000
4.595629087237225e-003	-3.764835e+000
4.599478889444096e-003	-3.806270e+000
4.605821397910570e-003	-3.885607e+000
4.612458490860470e-003	-3.971837e+000
4.621910472479235e-003	-4.087471e+000
4.629354600293965e-003	-4.158997e+000
4.635283188694933e-003	-4.191411e+000
4.641855247365665e-003	-4.206464e+000
4.647127386787573e-003	-4.211921e+000
4.653005357431195e-003	-4.215260e+000
4.662770982431195e-003	-4.218522e+000
4.672536607431195e-003	-4.220191e+000
4.682302232431194e-003	-4.220670e+000
4.692067857431194e-003	-4.220272e+000
4.701833482431194e-003	-4.218997e+000
4.711599107431194e-003	-4.216550e+000
4.721364732431193e-003	-4.212125e+000
4.731130357431193e-003	-4.203743e+000
4.740895982431193e-003	-4.185570e+000
4.750661607431193e-003	-4.143676e+000
4.760427232431193e-003	-4.063538e+000
4.769609583817451e-003	-3.951986e+000
4.778211818809186e-003	-3.826009e+000
4.783971106051969e-003	-3.740633e+000
4.786802133976617e-003	-3.708089e+000
4.790712688458316e-003	-3.678103e+000
4.792752048461644e-003	-3.665401e+000
4.794069249508443e-003	-3.656131e+000
4.795336019591832e-003	-3.643991e+000
4.796627880277898e-003	-3.628882e+000
4.797867884404521e-003	-3.612632e+000
4.799518201935350e-003	-3.589061e+000
4.800491771036477e-003	-3.574182e+000
4.801481821485563e-003	-3.558162e+000
4.802968884046751e-003	-3.532937e+000
4.804747661771826e-003	-3.501326e+000
4.806536887453347e-003	-3.468085e+000
4.808391562096869e-003	-3.432284e+000
4.810374800623625e-003	-3.392697e+000
4.812811157602655e-003	-3.342257e+000
4.817683871560716e-003	-3.236571e+000
4.827429299476837e-003	-3.014263e+000
4.837194924476837e-003	-2.780094e+000
4.846960549476836e-003	-2.534838e+000
4.856726174476836e-003	-2.279960e+000
4.866491799476836e-003	-2.016578e+000
4.876257424476836e-003	-1.745764e+000
4.886023049476836e-003	-1.468549e+000
4.895788674476835e-003	-1.185957e+000
4.905554299476835e-003	-8.990055e-001
4.915319924476835e-003	-6.087087e-001
4.925085549476835e-003	-3.161383e-001
4.934851174476835e-003	-2.247155e-002
4.944616799476834e-003	2.710728e-001
4.954382424476834e-003	5.633374e-001
4.964148049476834e-003	8.532250e-001
4.973913674476834e-003	1.139709e+000
4.982501883598668e-003	1.387595e+000
4.991446901396164e-003	1.641062e+000
4.998501937742666e-003	1.837251e+000
5.006234168680540e-003	2.047728e+000
5.015999793680540e-003	2.306849e+000
5.025765418680540e-003	2.557763e+000
5.035531043680539e-003	2.799083e+000
5.045296668680539e-003	3.029872e+000
5.055062293680539e-003	3.249173e+000
5.064827918680539e-003	3.456086e+000
5.074593543680539e-003	3.643287e+000
5.077872921584835e-003	3.687789e+000
5.080475207127780e-003	3.707437e+000
5.082109087063047e-003	3.715621e+000
5.084117727857758e-003	3.723397e+000
5.086226680783448e-003	3.730176e+000
5.088818660415338e-003	3.737273e+000
5.091926886692026e-003	3.744621e+000
5.095896529119688e-003	3.752653e+000
5.100876650554579e-003	3.761100e+000
5.107301288998888e-003	3.769869e+000
5.117066913998888e-003	3.780019e+000
5.126702494973252e-003	3.787251e+000
5.136468119973252e-003	3.792464e+000
5.146233744973252e-003	3.796254e+000
5.155999369973251e-003	3.798975e+000
5.175530619973251e-003	3.802003e+000
5.195061869973251e-003	3.802401e+000
5.214593119973250e-003	3.800292e+000
5.234124369973250e-003	3.795241e+000
5.243889994973250e-003	3.791218e+000
5.253655619973249e-003	3.785730e+000
5.263421244973249e-003	3.778108e+000
5.273186869973249e-003	3.767418e+000
5.280684704721466e-003	3.756016e+000
5.288627238284726e-003	3.740359e+000
5.293308876727982e-003	3.728328e+000
5.299862617954837e-003	3.705885e+000
5.304155252431410e-003	3.685465e+000
5.308594381193697e-003	3.656123e+000
5.311066880727243e-003	3.631970e+000
5.313563558895297e-003	3.597726e+000
5.316230905052223e-003	3.552675e+000
5.320083731569576e-003	3.477723e+000
5.325099077305211e-003	3.368822e+000
5.332521439233716e-003	3.193043e+000
5.342287064233716e-003	2.946732e+000
5.352052689233716e-003	2.688579e+000
5.361818314233715e-003	2.420815e+000
5.371583939233715e-003	2.145118e+000
5.381349564233715e-003	1.862703e+000
5.391115189233715e-003	1.574676e+000
5.400880814233715e-003	1.282085e+000
5.410646439233714e-003	9.859595e-001
5.420412064233714e-003	6.873178e-001
5.430177689233714e-003	3.872105e-001
5.439943314233714e-003	8.678825e-002
5.449708939233714e-003	-2.127303e-001
5.459474564233713e-003	-5.101768e-001
5.469240189233713e-003	-8.044609e-001
5.479005814233713e-003	-1.094441e+000
5.488771439233713e-003	-1.378839e+000
5.498222979599544e-003	-1.648083e+000
5.505537416640696e-003	-1.851751e+000
5.513467759768630e-003	-2.067137e+000
5.523233384768630e-003	-2.324780e+000
5.532999009768630e-003	-2.573344e+000
5.542764634768630e-003	-2.811473e+000
5.552530259768629e-003	-3.038265e+000
5.562295884768629e-003	-3.252806e+000
5.572061509768629e-003	-3.456261e+000
5.576067700322001e-003	-3.536294e+000
5.576229526974650e-003	-3.539438e+000
5.576553180279946e-003	-3.545657e+000
5.577200486890538e-003	-3.558044e+000
5.578495100111724e-003	-3.582658e+000
5.579439157671633e-003	-3.600445e+000
5.580255619142125e-003	-3.615698e+000
5.581339267573199e-003	-3.635790e+000
5.582507277955228e-003	-3.656787e+000
5.583328903902885e-003	-3.669308e+000
5.584276985431977e-003	-3.679688e+000
5.585242338464163e-003	-3.687695e+000
5.586271472368411e-003	-3.695223e+000
5.587876675704795e-003	-3.706119e+000
5.590441278498299e-003	-3.723197e+000
5.593116501933715e-003	-3.742905e+000
5.596702732114118e-003	-3.775592e+000
5.600611334870817e-003	-3.819651e+000
5.607094756830006e-003	-3.902098e+000
5.613917388847339e-003	-3.990361e+000
5.623683013847339e-003	-4.106776e+000
5.630400578755378e-003	-4.166283e+000
5.636679673544822e-003	-4.196016e+000
5.642278856446429e-003	-4.207121e+000
5.648342236552507e-003	-4.212608e+000
5.654351228191950e-003	-4.215766e+000
5.664116853191950e-003	-4.218729e+000
5.673882478191950e-003	-4.220208e+000
5.683648103191949e-003	-4.220561e+000
5.693413728191949e-003	-4.220049e+000
5.703179353191949e-003	-4.218636e+000
5.712944978191949e-003	-4.215982e+000
5.722710603191948e-003	-4.211177e+000
5.732476228191948e-003	-4.201933e+000
5.742241853191948e-003	-4.181460e+000
5.752007478191948e-003	-4.135143e+000
5.761573956597058e-003	-4.050894e+000
5.771231238277158e-003	-3.928573e+000
5.779928043315527e-003	-3.799985e+000
5.784879436351737e-003	-3.729785e+000
5.787681302033360e-003	-3.700284e+000
5.791334149006360e-003	-3.674261e+000
5.793133875243876e-003	-3.663064e+000
5.794340416221006e-003	-3.653583e+000
5.796147238740609e-003	-3.634459e+000
5.797479592062664e-003	-3.617859e+000
5.798774732109141e-003	-3.599998e+000
5.799735124424259e-003	-3.585800e+000
5.800717135085399e-003	-3.570476e+000
5.801694417953428e-003	-3.554569e+000
5.802769097352025e-003	-3.536266e+000
5.804918456149221e-003	-3.497886e+000
5.807019481078249e-003	-3.458644e+000
5.808945460774371e-003	-3.421164e+000
5.813815143830547e-003	-3.320771e+000
5.819540932396595e-003	-3.195148e+000
5.829306557396594e-003	-2.969954e+000
5.839072182396594e-003	-2.733514e+000
5.848837807396594e-003	-2.486324e+000
5.858603432396594e-003	-2.229732e+000
5.868369057396594e-003	-1.964844e+000
5.878134682396593e-003	-1.692723e+000
5.887900307396593e-003	-1.414398e+000
5.897665932396593e-003	-1.130891e+000
5.907431557396593e-003	-8.432200e-001
5.917197182396593e-003	-5.524060e-001
5.926962807396592e-003	-2.595348e-001
5.936728432396592e-003	3.419976e-002
5.946494057396592e-003	3.275823e-001
5.956259682396592e-003	6.194720e-001
5.966025307396592e-003	9.087709e-001
5.975790932396591e-003	1.194504e+000
5.983784777740983e-003	1.424574e+000
5.992149397729307e-003	1.660997e+000
5.999054787639780e-003	1.852685e+000
6.006655231267052e-003	2.059282e+000
6.016420856267052e-003	2.318026e+000
6.026186481267052e-003	2.568543e+000
6.035952106267051e-003	2.809426e+000
6.045717731267051e-003	3.039736e+000
6.055483356267051e-003	3.258519e+000
6.065248981267051e-003	3.464126e+000
6.075014606267051e-003	3.647998e+000
6.078326582623111e-003	3.690928e+000
6.081749867503286e-003	3.714503e+000
6.083795164839375e-003	3.723086e+000
6.085378608780464e-003	3.728003e+000
6.087537334190379e-003	3.734185e+000
6.089755858915037e-003	3.739874e+000
6.091782265578031e-003	3.744545e+000
6.094161870032484e-003	3.749541e+000
6.096862285537795e-003	3.754689e+000
6.099662058881288e-003	3.759484e+000
6.103283689594527e-003	3.764995e+000
6.106943806678413e-003	3.769848e+000
6.112216388910289e-003	3.775803e+000
6.117461769719068e-003	3.780655e+000
6.125711058142192e-003	3.786680e+000
6.134030630343711e-003	3.791403e+000
6.143796255343711e-003	3.795511e+000
6.153561880343710e-003	3.798481e+000
6.173093130343710e-003	3.801876e+000
6.192624380343710e-003	3.802584e+000
6.212155630343709e-003	3.800799e+000
6.231686880343709e-003	3.796165e+000
6.241452505343709e-003	3.792439e+000
6.251218130343708e-003	3.787367e+000
6.260983755343708e-003	3.780362e+000
6.270749380343708e-003	3.770463e+000
6.280515005343708e-003	3.756469e+000
6.287251727520094e-003	3.743176e+000
6.293872710392007e-003	3.726127e+000
6.298199308237932e-003	3.711969e+000
6.302761323167474e-003	3.693572e+000
6.305920178972830e-003	3.677228e+000
6.308657922607481e-003	3.658390e+000
6.310532018719384e-003	3.640430e+000
6.312642999782969e-003	3.613191e+000
6.314614385927663e-003	3.581964e+000
6.318077451458136e-003	3.518618e+000
6.321982872336713e-003	3.438037e+000
6.329168243685891e-003	3.274357e+000
6.336754642487916e-003	3.088711e+000
6.346520267487916e-003	2.836303e+000
6.356285892487916e-003	2.573714e+000
6.366051517487916e-003	2.302348e+000
6.375817142487915e-003	2.023597e+000
6.385582767487915e-003	1.738618e+000
6.395348392487915e-003	1.448484e+000
6.405114017487915e-003	1.154233e+000
6.414879642487915e-003	8.568908e-001
6.424645267487914e-003	5.574807e-001
6.434410892487914e-003	2.570882e-001
6.444176517487914e-003	-4.309322e-002
6.453942142487914e-003	-3.418528e-001
6.463707767487914e-003	-6.380616e-001
6.473473392487913e-003	-9.306346e-001
6.483239017487913e-003	-1.218655e+000
6.491171201845834e-003	-1.448090e+000
6.499323463791953e-003	-1.679056e+000
6.506248219177191e-003	-1.871278e+000
6.513837735622492e-003	-2.077014e+000
6.523603360622491e-003	-2.334245e+000
6.533368985622491e-003	-2.582429e+000
6.543134610622491e-003	-2.820145e+000
6.552900235622491e-003	-3.046490e+000
6.562665860622491e-003	-3.260551e+000
6.572431485622490e-003	-3.463585e+000
6.576178058510187e-003	-3.537970e+000
6.578556882313619e-003	-3.583525e+000
6.580750822674369e-003	-3.624689e+000
6.582102736726938e-003	-3.649071e+000
6.583461090825174e-003	-3.670048e+000
6.584527262438174e-003	-3.681731e+000
6.585630109947906e-003	-3.690468e+000
6.586849054254440e-003	-3.699066e+000
6.588670267088807e-003	-3.711154e+000
6.591386964812407e-003	-3.729460e+000
6.594267767943270e-003	-3.752266e+000
6.598308907509238e-003	-3.792617e+000
6.602350499001050e-003	-3.840847e+000
6.610184512346330e-003	-3.942314e+000
6.617652518382457e-003	-4.036530e+000
6.627418143382457e-003	-4.142261e+000
6.633228190319923e-003	-4.182302e+000
6.640361791977460e-003	-4.204033e+000
6.644749962444543e-003	-4.209891e+000
6.650817937445517e-003	-4.213960e+000
6.658937996345936e-003	-4.217318e+000
6.668703621345935e-003	-4.219505e+000
6.678469246345935e-003	-4.220395e+000
6.688234871345935e-003	-4.220330e+000
6.698000496345935e-003	-4.219418e+000
6.707766121345935e-003	-4.217486e+000
6.717531746345934e-003	-4.214006e+000
6.727297371345934e-003	-4.207589e+000
6.737062996345934e-003	-4.194411e+000
6.746828621345934e-003	-4.165079e+000
6.755511555909159e-003	-4.110676e+000
6.764603408494001e-003	-4.016261e+000
6.774369033494001e-003	-3.883003e+000
6.783829434734381e-003	-3.745278e+000
6.787691426839301e-003	-3.701680e+000
6.792114173193756e-003	-3.668993e+000
6.792125123475097e-003	-3.668924e+000
6.792168924600462e-003	-3.668660e+000
6.792227326100947e-003	-3.668326e+000
6.792344129101919e-003	-3.667689e+000
6.792577735103862e-003	-3.666464e+000
6.793044947107748e-003	-3.663841e+000
6.793979371115520e-003	-3.657227e+000
6.794882365883317e-003	-3.648857e+000
6.795839733246323e-003	-3.638241e+000
6.796960261178337e-003	-3.624441e+000
6.798370438326245e-003	-3.605532e+000
6.799375132247857e-003	-3.591071e+000
6.800188270794655e-003	-3.578674e+000
6.801062678055941e-003	-3.564718e+000
6.802378307526866e-003	-3.542838e+000
6.803694560182535e-003	-3.520033e+000
6.805075991149269e-003	-3.495084e+000
6.806786111351128e-003	-3.463073e+000
6.808247209388012e-003	-3.434810e+000
6.812702847892521e-003	-3.344185e+000
6.817457223640477e-003	-3.241247e+000
6.826965975136387e-003	-3.024787e+000
6.836731600136387e-003	-2.791113e+000
6.846497225136387e-003	-2.546351e+000
6.856262850136387e-003	-2.291909e+000
6.866028475136387e-003	-2.028911e+000
6.875794100136386e-003	-1.758430e+000
6.885559725136386e-003	-1.481500e+000
6.895325350136386e-003	-1.199144e+000
6.905090975136386e-003	-9.123808e-001
6.914856600136386e-003	-6.222233e-001
6.924622225136385e-003	-3.297389e-001
6.934387850136385e-003	-3.610020e-002
6.944153475136385e-003	2.574731e-001
6.953919100136385e-003	5.498198e-001
6.963684725136385e-003	8.398416e-001
6.973450350136384e-003	1.126354e+000
6.983215975136384e-003	1.408153e+000
6.992005823666031e-003	1.657027e+000
6.999050419926782e-003	1.852638e+000
7.006841649597775e-003	2.064382e+000
7.016607274597774e-003	2.323005e+000
7.026372899597774e-003	2.573347e+000
7.036138524597774e-003	2.814036e+000
7.045904149597774e-003	3.044135e+000
7.055669774597774e-003	3.262688e+000
7.065435399597773e-003	3.467776e+000
7.075201024597773e-003	3.649738e+000
7.078670833128491e-003	3.693630e+000
7.081943550977627e-003	3.715398e+000
7.083837467389414e-003	3.723222e+000
7.085628769685628e-003	3.728762e+000
7.087685795747783e-003	3.734579e+000
7.089856866467648e-003	3.740144e+000
7.092136105802935e-003	3.745396e+000
7.094643523101966e-003	3.750593e+000
7.097482452668305e-003	3.755897e+000
7.100291881020860e-003	3.760600e+000
7.103889368905582e-003	3.765951e+000
7.107420003650867e-003	3.770550e+000
7.112282006368171e-003	3.775980e+000
7.117375485527989e-003	3.780712e+000
7.125216396251281e-003	3.786526e+000
7.133612716249087e-003	3.791323e+000
7.143378341249087e-003	3.795456e+000
7.153143966249087e-003	3.798468e+000
7.172675216249086e-003	3.801927e+000
7.192206466249086e-003	3.802689e+000
7.211737716249085e-003	3.800958e+000
7.231268966249085e-003	3.796395e+000
7.241034591249085e-003	3.792717e+000
7.250800216249085e-003	3.787713e+000
7.260565841249084e-003	3.780807e+000
7.270331466249084e-003	3.771058e+000
7.280097091249084e-003	3.757051e+000
7.289862716249084e-003	3.736388e+000
7.298164497269177e-003	3.709651e+000
7.306218473388988e-003	3.670781e+000
7.310462743113193e-003	3.637228e+000
7.313309148025515e-003	3.601564e+000
7.316008967306721e-003	3.556475e+000
7.320861761556757e-003	3.461750e+000
7.325510433170496e-003	3.360135e+000
7.333494533884445e-003	3.169457e+000
7.343260158884445e-003	2.921913e+000
7.353025783884444e-003	2.662676e+000
7.362791408884444e-003	2.394052e+000
7.372557033884444e-003	2.117628e+000
7.382322658884444e-003	1.834601e+000
7.392088283884444e-003	1.546067e+000
7.401853908884443e-003	1.253073e+000
7.411619533884443e-003	9.566470e-001
7.421385158884443e-003	6.578062e-001
7.431150783884443e-003	3.576091e-001
7.440916408884443e-003	5.721775e-002
7.450682033884442e-003	-2.421497e-001
7.460447658884442e-003	-5.393337e-001
7.470213283884442e-003	-8.332475e-001
7.479978908884442e-003	-1.122731e+000
7.489744533884441e-003	-1.406603e+000
7.498642689266821e-003	-1.659679e+000
7.505685207549258e-003	-1.855579e+000
7.513441670525178e-003	-2.066168e+000
7.523207295525178e-003	-2.323801e+000
7.532972920525178e-003	-2.572394e+000
7.542738545525177e-003	-2.810554e+000
7.552504170525177e-003	-3.037380e+000
7.562269795525177e-003	-3.251959e+000
7.572035420525177e-003	-3.455441e+000
7.576075427940013e-003	-3.536171e+000
7.576238648814762e-003	-3.539336e+000
7.576565090564261e-003	-3.545599e+000
7.577217974063260e-003	-3.558092e+000
7.578523741061255e-003	-3.582913e+000
7.579473836525505e-003	-3.600809e+000
7.580314246486755e-003	-3.616504e+000
7.581409438899546e-003	-3.636802e+000
7.582593616662371e-003	-3.657860e+000
7.583425462136368e-003	-3.669976e+000
7.584534845341637e-003	-3.681471e+000
7.585564273752165e-003	-3.689886e+000
7.586616580476974e-003	-3.697401e+000
7.588721193926592e-003	-3.711187e+000
7.591357111421110e-003	-3.728822e+000
7.594359825674643e-003	-3.752871e+000
7.598730615956642e-003	-3.797328e+000
7.603062950881736e-003	-3.849614e+000
7.610616586959027e-003	-3.947706e+000
7.618762614704141e-003	-4.049331e+000
7.628528239704141e-003	-4.150574e+000
7.634401138993624e-003	-4.187414e+000
7.641284454817245e-003	-4.205409e+000
7.645788733694532e-003	-4.210656e+000
7.651846346426843e-003	-4.214367e+000
7.661441712666120e-003	-4.217904e+000
7.671207337666120e-003	-4.219762e+000
7.680972962666120e-003	-4.220369e+000
7.690738587666120e-003	-4.220085e+000
7.700504212666120e-003	-4.218939e+000
7.710269837666119e-003	-4.216680e+000
7.720035462666119e-003	-4.212597e+000
7.729801087666119e-003	-4.204948e+000
7.739566712666119e-003	-4.188737e+000
7.749332337666118e-003	-4.152280e+000
7.758102747688440e-003	-4.087604e+000
7.767138707320680e-003	-3.984332e+000
7.776904332320680e-003	-3.845342e+000
7.783882587015488e-003	-3.743318e+000
7.787499477783852e-003	-3.702462e+000
7.791479296895200e-003	-3.672342e+000
7.791574225685871e-003	-3.671777e+000
7.791682715732352e-003	-3.671166e+000
7.791899695825316e-003	-3.669984e+000
7.792333656011242e-003	-3.667689e+000
7.793201576383095e-003	-3.662819e+000
7.794036725344922e-003	-3.656692e+000
7.795150307866902e-003	-3.645932e+000
7.796071420765831e-003	-3.635496e+000
7.797186235621424e-003	-3.621412e+000
7.798888760853147e-003	-3.598001e+000
7.799877339970823e-003	-3.583341e+000
7.801072739477847e-003	-3.564451e+000
7.802260497934046e-003	-3.544815e+000
7.803419076681820e-003	-3.524833e+000
7.804833860093717e-003	-3.499423e+000
7.806560874787021e-003	-3.467229e+000
7.808263887942956e-003	-3.434360e+000
7.810289468007580e-003	-3.393984e+000
7.812554356320179e-003	-3.347234e+000
7.817084132945375e-003	-3.249435e+000
7.826143686195768e-003	-3.043931e+000
7.835909311195767e-003	-2.811124e+000
7.845674936195767e-003	-2.567240e+000
7.855440561195767e-003	-2.313569e+000
7.865206186195767e-003	-2.051251e+000
7.874971811195767e-003	-1.781361e+000
7.884737436195766e-003	-1.504934e+000
7.894503061195766e-003	-1.222996e+000
7.904268686195766e-003	-9.365650e-001
7.914034311195766e-003	-6.466538e-001
7.923799936195766e-003	-3.543224e-001
7.933565561195765e-003	-6.073411e-002
7.943331186195765e-003	2.328903e-001
7.953096811195765e-003	5.253826e-001
7.962862436195765e-003	8.156425e-001
7.972628061195764e-003	1.102502e+000
7.982393686195764e-003	1.384691e+000
7.991615018869696e-003	1.646108e+000
7.998853660519752e-003	1.847286e+000
8.006752213407253e-003	2.062055e+000
8.016517838407252e-003	2.320773e+000
8.026283463407252e-003	2.571200e+000
8.036049088407252e-003	2.811982e+000
8.045814713407252e-003	3.042182e+000
8.055580338407252e-003	3.260845e+000
8.065345963407251e-003	3.466182e+000
8.075111588407251e-003	3.649398e+000
8.078412896335062e-003	3.691844e+000
8.081790699148828e-003	3.714857e+000
8.083782090033945e-003	3.723198e+000
8.085402141894753e-003	3.728242e+000
8.087598674095699e-003	3.734533e+000
8.089765561128252e-003	3.740086e+000
8.091821129080567e-003	3.744818e+000
8.094155598943071e-003	3.749719e+000
8.096828835361244e-003	3.754817e+000
8.099603714446957e-003	3.759578e+000
8.103176237747553e-003	3.765030e+000
8.106827339188329e-003	3.769891e+000
8.112068171563918e-003	3.775838e+000
8.117313244208222e-003	3.780715e+000
8.125514935376986e-003	3.786742e+000
8.133804857720181e-003	3.791479e+000
8.143570482720181e-003	3.795616e+000
8.153336107720181e-003	3.798609e+000
8.172867357720180e-003	3.802039e+000
8.192398607720180e-003	3.802776e+000
8.211929857720179e-003	3.801020e+000
8.231461107720179e-003	3.796425e+000
8.241226732720179e-003	3.792725e+000
8.250992357720179e-003	3.787690e+000
8.260757982720178e-003	3.780738e+000
8.270523607720178e-003	3.770921e+000
8.280289232720178e-003	3.757057e+000
8.286987034764071e-003	3.743972e+000
8.293590013741118e-003	3.727153e+000
8.297925947785223e-003	3.713141e+000
8.302500957142585e-003	3.694879e+000
8.305778481208738e-003	3.677998e+000
8.308644926152879e-003	3.658262e+000
8.310610983564146e-003	3.639322e+000
8.312802698184440e-003	3.610788e+000
8.314859456161498e-003	3.577854e+000
8.318422817370946e-003	3.511969e+000
8.322452651652615e-003	3.428070e+000
8.329751426695184e-003	3.260628e+000
8.337621731556217e-003	3.067008e+000
8.347387356556216e-003	2.813614e+000
8.357152981556216e-003	2.550175e+000
8.366918606556216e-003	2.278103e+000
8.376684231556216e-003	1.998753e+000
8.386449856556216e-003	1.713273e+000
8.396215481556215e-003	1.422730e+000
8.405981106556215e-003	1.128163e+000
8.415746731556215e-003	8.305936e-001
8.425512356556215e-003	5.310497e-001
8.435277981556215e-003	2.306255e-001
8.445043606556214e-003	-6.947873e-002
8.454809231556214e-003	-3.680572e-001
8.464574856556214e-003	-6.639884e-001
8.474340481556214e-003	-9.561840e-001
8.484106106556213e-003	-1.243716e+000
8.492011623659678e-003	-1.471927e+000
8.500021059143466e-003	-1.698323e+000
8.507367690513518e-003	-1.901702e+000
8.515078821788449e-003	-2.110025e+000
8.524844446788448e-003	-2.366127e+000
8.534610071788448e-003	-2.613032e+000
8.544375696788448e-003	-2.849353e+000
8.554141321788448e-003	-3.074188e+000
8.563906946788448e-003	-3.286623e+000
8.573672571788447e-003	-3.489285e+000
8.573679724345820e-003	-3.489433e+000
8.573708334575313e-003	-3.490011e+000
8.573975363383907e-003	-3.495265e+000
8.574280539165157e-003	-3.501244e+000
8.574890890727657e-003	-3.513141e+000
8.576111593852657e-003	-3.536767e+000
8.577306075983617e-003	-3.559684e+000
8.578858018528358e-003	-3.589164e+000
8.579716995217954e-003	-3.605306e+000
8.580689424384821e-003	-3.623420e+000
8.581401929509647e-003	-3.636621e+000
8.582072808195505e-003	-3.648622e+000
8.583414565567219e-003	-3.669493e+000
8.584387671358726e-003	-3.680412e+000
8.585391101187598e-003	-3.688498e+000
8.586599956972788e-003	-3.697179e+000
8.588224528761922e-003	-3.708107e+000
8.590841685086321e-003	-3.725590e+000
8.593561316586821e-003	-3.746118e+000
8.597185997370622e-003	-3.780195e+000
8.601001042612988e-003	-3.824098e+000
8.608631133097722e-003	-3.921868e+000
8.615503244031432e-003	-4.010027e+000
8.625268869031432e-003	-4.122793e+000
8.631397272032311e-003	-4.171366e+000
8.639236287776761e-003	-4.201186e+000
8.644244688877666e-003	-4.209165e+000
8.650257797460466e-003	-4.213524e+000
8.657111361346108e-003	-4.216573e+000
8.666876986346108e-003	-4.219004e+000
8.676642611346108e-003	-4.220119e+000
8.686408236346107e-003	-4.220221e+000
8.696173861346107e-003	-4.219472e+000
8.705939486346107e-003	-4.217757e+000
8.715705111346107e-003	-4.214632e+000
8.725470736346106e-003	-4.208923e+000
8.735236361346106e-003	-4.197534e+000
8.745001986346106e-003	-4.171410e+000
8.754767611346106e-003	-4.115509e+000
8.763569246533338e-003	-4.028650e+000
8.773334871533338e-003	-3.897450e+000
8.782112294891124e-003	-3.766914e+000
8.786183594134784e-003	-3.715356e+000
8.789930732959783e-003	-3.682789e+000
8.792339707077712e-003	-3.667413e+000
8.793896241179034e-003	-3.657206e+000
8.794974979108123e-003	-3.647513e+000
8.796249541386237e-003	-3.633048e+000
8.797537258080034e-003	-3.616648e+000
8.799035613393205e-003	-3.595801e+000
8.799963209439052e-003	-3.581926e+000
8.801126566416791e-003	-3.563497e+000
8.802248237358068e-003	-3.544933e+000
8.803459159819043e-003	-3.524039e+000
8.804858515237365e-003	-3.498900e+000
8.806595909869335e-003	-3.466500e+000
8.808274124531362e-003	-3.434105e+000
8.810289442946928e-003	-3.393928e+000
8.812589092611551e-003	-3.346446e+000
8.817188391940798e-003	-3.247074e+000
8.826386990599292e-003	-3.038205e+000
8.836152615599292e-003	-2.805144e+000
8.845918240599292e-003	-2.560997e+000
8.855683865599292e-003	-2.307096e+000
8.865449490599291e-003	-2.044575e+000
8.875215115599291e-003	-1.774508e+000
8.884980740599291e-003	-1.497930e+000
8.894746365599291e-003	-1.215866e+000
8.904511990599291e-003	-9.293348e-001
8.914277615599290e-003	-6.393486e-001
8.924043240599290e-003	-3.469699e-001
8.933808865599290e-003	-5.336459e-002
8.943574490599290e-003	2.402467e-001
8.953340115599289e-003	5.326978e-001
8.963105740599289e-003	8.228891e-001
8.972871365599289e-003	1.109648e+000
8.982636990599289e-003	1.391725e+000
8.991719520746653e-003	1.649118e+000
8.998891165895549e-003	1.848390e+000
9.006748054423506e-003	2.062008e+000
9.016513679423506e-003	2.320723e+000
9.026279304423505e-003	2.571155e+000
9.036044929423505e-003	2.811942e+000
9.045810554423505e-003	3.042147e+000
9.055576179423505e-003	3.260816e+000
9.065341804423505e-003	3.466168e+000
9.075107429423504e-003	3.649231e+000
9.078461137081806e-003	3.692266e+000
9.081811101321122e-003	3.715025e+000
9.083777820383268e-003	3.723251e+000
9.085421533711753e-003	3.728374e+000
9.087637811694591e-003	3.734720e+000
9.089788644472742e-003	3.740227e+000
9.091866515660706e-003	3.745004e+000
9.094190323899855e-003	3.749877e+000
9.096868748128414e-003	3.754977e+000
9.099642899102582e-003	3.759730e+000
9.103206894499812e-003	3.765162e+000
9.106854745159054e-003	3.770014e+000
9.112058735294672e-003	3.775918e+000
9.117265479358302e-003	3.780758e+000
9.126507329321930e-003	3.787500e+000
9.134909044022971e-003	3.792152e+000
9.144674669022971e-003	3.796096e+000
9.154440294022971e-003	3.798975e+000
9.173971544022970e-003	3.802237e+000
9.193502794022970e-003	3.802834e+000
9.213034044022970e-003	3.800932e+000
9.232565294022969e-003	3.796150e+000
9.242330919022969e-003	3.792320e+000
9.252096544022969e-003	3.787103e+000
9.261862169022968e-003	3.779883e+000
9.271627794022968e-003	3.769660e+000
9.281393419022968e-003	3.755159e+000
9.288253000923095e-003	3.741102e+000
9.294884473732891e-003	3.723323e+000
9.299178705126820e-003	3.708615e+000
9.303710859664610e-003	3.689649e+000
9.306558789926908e-003	3.674332e+000
9.308573403757859e-003	3.659518e+000
9.310576180261845e-003	3.639702e+000
9.312727422968840e-003	3.611885e+000
9.314848448297917e-003	3.577950e+000
9.318626866496378e-003	3.508026e+000
9.322452647609428e-003	3.428196e+000
9.330104209835530e-003	3.252226e+000
9.337775760831776e-003	3.063277e+000
9.347541385831775e-003	2.809593e+000
9.357307010831775e-003	2.546005e+000
9.367072635831775e-003	2.273810e+000
9.376838260831775e-003	1.994355e+000
9.386603885831775e-003	1.708788e+000
9.396369510831774e-003	1.418175e+000
9.406135135831774e-003	1.123553e+000
9.415900760831774e-003	8.259462e-001
9.425666385831774e-003	5.263804e-001
9.435432010831774e-003	2.259527e-001
9.445197635831773e-003	-7.413594e-002
9.454963260831773e-003	-3.726804e-001
9.464728885831773e-003	-6.685606e-001
9.474494510831773e-003	-9.606875e-001
9.484260135831773e-003	-1.248129e+000
9.492169160145045e-003	-1.476357e+000
9.500158777512140e-003	-1.702095e+000
9.507565512027437e-003	-1.907032e+000
9.515327320488320e-003	-2.116583e+000
9.525092945488320e-003	-2.372461e+000
9.534858570488320e-003	-2.619108e+000
9.544624195488320e-003	-2.855148e+000
9.554389820488320e-003	-3.079677e+000
9.564155445488319e-003	-3.291785e+000
9.573921070488319e-003	-3.494093e+000
9.573928223045692e-003	-3.494241e+000
9.573956833275185e-003	-3.494819e+000
9.574223862083779e-003	-3.500065e+000
9.574529037865029e-003	-3.506031e+000
9.575139389427528e-003	-3.517901e+000
9.576360092552529e-003	-3.541487e+000
9.577413735916130e-003	-3.561681e+000
9.578799678297818e-003	-3.587996e+000
9.579673223040049e-003	-3.604413e+000
9.580621990492711e-003	-3.622095e+000
9.581955433018530e-003	-3.646737e+000
9.583236433629237e-003	-3.667991e+000
9.584037012683719e-003	-3.677392e+000
9.584767902424954e-003	-3.683543e+000
9.585662734154225e-003	-3.690421e+000
9.587452397612769e-003	-3.702782e+000
9.589188920479268e-003	-3.714232e+000
9.591408391584825e-003	-3.729465e+000
9.595030825259440e-003	-3.758879e+000
9.599096753315408e-003	-3.800997e+000
9.604095474705504e-003	-3.862503e+000
9.611356775904379e-003	-3.957275e+000
9.618853937747307e-003	-4.051444e+000
9.627632903219179e-003	-4.144424e+000
9.633458381434770e-003	-4.183221e+000
9.640470548681534e-003	-4.203993e+000
9.644813030122832e-003	-4.209678e+000
9.650789221819439e-003	-4.213647e+000
9.659809358212802e-003	-4.217279e+000
9.669574983212801e-003	-4.219372e+000
9.679340608212801e-003	-4.220154e+000
9.689106233212801e-003	-4.220010e+000
9.698871858212801e-003	-4.219018e+000
9.708637483212801e-003	-4.216977e+000
9.718403108212800e-003	-4.213268e+000
9.728168733212800e-003	-4.206427e+000
9.737934358212800e-003	-4.192297e+000
9.747699983212800e-003	-4.159395e+000
9.757465608212800e-003	-4.092326e+000
9.766272716219739e-003	-3.995357e+000
9.776038341219739e-003	-3.859127e+000
9.784939324560685e-003	-3.731501e+000
9.788082535594897e-003	-3.697656e+000
9.792465556074046e-003	-3.665993e+000
9.794667296143565e-003	-3.648714e+000
9.796250301453353e-003	-3.632172e+000
9.797875905443152e-003	-3.611408e+000
9.799538597052064e-003	-3.587841e+000
9.800538464312969e-003	-3.572555e+000
9.801613885888585e-003	-3.555120e+000
9.803081424884607e-003	-3.530164e+000
9.804945096389749e-003	-3.496864e+000
9.807059110121112e-003	-3.457295e+000
9.809120815041912e-003	-3.417160e+000
9.814047959856753e-003	-3.315273e+000
9.820148303935294e-003	-3.181068e+000
9.829913928935294e-003	-2.955178e+000
9.839679553935294e-003	-2.718026e+000
9.849445178935294e-003	-2.470221e+000
9.859210803935294e-003	-2.213084e+000
9.868976428935293e-003	-1.947716e+000
9.878742053935293e-003	-1.675181e+000
9.888507678935293e-003	-1.396505e+000
9.898273303935293e-003	-1.112710e+000
9.908038928935293e-003	-8.248144e-001
9.917804553935292e-003	-5.338403e-001
9.927570178935292e-003	-2.408804e-001
9.937335803935292e-003	5.286618e-002
9.947101428935292e-003	3.461873e-001
9.956867053935292e-003	6.379470e-001
9.966632678935291e-003	9.270457e-001
9.976398303935291e-003	1.212498e+000
9.984382568433403e-003	1.442024e+000
9.992583056449693e-003	1.673463e+000
1.000000000000000e-002	1.879990e+000
