time	V(vo)
0.000000000000000e+000	4.492499e-013
5.719394194538071e-008	-1.821029e-008
1.143878838907614e-007	-8.059142e-009
1.715818258361421e-007	3.045389e-008
2.287757677815229e-007	9.732880e-008
2.859697097269036e-007	1.925656e-007
3.431636516722843e-007	3.161643e-007
4.003575936176649e-007	4.681249e-007
4.954620598047911e-007	9.451069e-007
5.973714463071442e-007	1.777644e-006
7.224165797462920e-007	3.379429e-006
8.778550440771314e-007	6.469155e-006
1.074732815681592e-006	1.253518e-005
1.322840660691893e-006	2.439018e-005
1.639923691866604e-006	4.788529e-005
2.045482394260043e-006	9.449699e-005
2.570214584318048e-006	1.880538e-004
3.251821643406916e-006	3.766558e-004
4.147131555725097e-006	7.612907e-004
5.332885929095437e-006	1.552773e-003
6.927691734395883e-006	3.208485e-003
9.114753089710704e-006	6.747840e-003
1.222114543223829e-005	1.462412e-002
1.692671829266652e-005	3.211571e-002
2.137289141283297e-005	5.404101e-002
2.471491616487664e-005	7.381329e-002
2.842694842294711e-005	9.749036e-002
3.405052098116296e-005	1.331408e-001
3.925755206406282e-005	1.640062e-001
4.704057278073567e-005	2.048909e-001
5.680619778073567e-005	2.485240e-001
6.657182278073567e-005	2.842654e-001
7.633744778073567e-005	3.129326e-001
8.610307278073566e-005	3.358374e-001
9.586869778073566e-005	3.541405e-001
1.056343227807357e-004	3.688058e-001
1.153999477807357e-004	3.806016e-001
1.251655727807357e-004	3.903662e-001
1.294694552255854e-004	3.940835e-001
1.315578234695035e-004	3.957050e-001
1.336258370369936e-004	3.972164e-001
1.349079500550898e-004	3.981098e-001
1.366024467760911e-004	3.992393e-001
1.380130635964481e-004	4.001401e-001
1.397985538553700e-004	4.012240e-001
1.421024542620376e-004	4.025432e-001
1.449268084756733e-004	4.040440e-001
1.485962080455740e-004	4.058152e-001
1.534265637244180e-004	4.078663e-001
1.604180331189921e-004	4.103817e-001
1.685094714580247e-004	4.127438e-001
1.782750964580247e-004	4.149695e-001
1.877795222439833e-004	4.166217e-001
1.975451472439833e-004	4.178937e-001
2.073107722439833e-004	4.188455e-001
2.170763972439833e-004	4.195536e-001
2.268420222439833e-004	4.200783e-001
2.366076472439833e-004	4.204645e-001
2.463732722439833e-004	4.207458e-001
2.561388972439833e-004	4.209473e-001
2.659045222439833e-004	4.210877e-001
2.756701472439833e-004	4.211805e-001
2.854357722439833e-004	4.212359e-001
2.952013972439834e-004	4.212606e-001
3.049670222439834e-004	4.212589e-001
3.147326472439834e-004	4.212322e-001
3.244982722439834e-004	4.211791e-001
3.342638972439834e-004	4.210981e-001
3.403608509722115e-004	4.210279e-001
3.463500445135933e-004	4.209391e-001
3.504549783696813e-004	4.208641e-001
3.547535064994310e-004	4.207692e-001
3.577751838381139e-004	4.206907e-001
3.600081418144781e-004	4.206221e-001
3.620591735316720e-004	4.205472e-001
3.640795098441935e-004	4.204552e-001
3.678227365071622e-004	4.202375e-001
3.717087938928849e-004	4.199322e-001
3.787064180689194e-004	4.191747e-001
3.866934725467782e-004	4.179928e-001
3.964590975467782e-004	4.160603e-001
4.062247225467782e-004	4.135651e-001
4.159903475467782e-004	4.104091e-001
4.257559725467782e-004	4.064537e-001
4.355215975467783e-004	4.014377e-001
4.452872225467783e-004	3.948010e-001
4.550528475467783e-004	3.848851e-001
4.648184725467783e-004	3.696768e-001
4.685144769196897e-004	3.600218e-001
4.726820638551374e-004	3.438562e-001
4.745272596729858e-004	3.344577e-001
4.771466018661989e-004	3.181659e-001
4.798005572674134e-004	2.987848e-001
4.846728344854324e-004	2.567135e-001
4.910088798936139e-004	1.940065e-001
4.946855584552970e-004	1.536199e-001
4.976876727268547e-004	1.186725e-001
5.012363831208106e-004	7.726189e-002
5.053357932668806e-004	3.139654e-002
5.105280775212856e-004	-2.215205e-002
5.165871838398038e-004	-7.702849e-002
5.261931367318326e-004	-1.501176e-001
5.359587617318326e-004	-2.103287e-001
5.457243867318326e-004	-2.575627e-001
5.554900117318326e-004	-2.944694e-001
5.652556367318326e-004	-3.233266e-001
5.750212617318326e-004	-3.459584e-001
5.847868867318326e-004	-3.642972e-001
5.887495413207808e-004	-3.706955e-001
5.891210401884947e-004	-3.712330e-001
5.896163720121132e-004	-3.719351e-001
5.906070356593503e-004	-3.733166e-001
5.916856436750046e-004	-3.747873e-001
5.929714531417360e-004	-3.764965e-001
5.939802127390878e-004	-3.778059e-001
5.946702041998778e-004	-3.786830e-001
5.952844085775510e-004	-3.794517e-001
5.960866956515505e-004	-3.804365e-001
5.969609713249259e-004	-3.814891e-001
5.975803760026694e-004	-3.822231e-001
5.982798139715323e-004	-3.830370e-001
5.990003945623301e-004	-3.838598e-001
5.998350370454169e-004	-3.847886e-001
6.015043220115907e-004	-3.865778e-001
6.039969398477091e-004	-3.891178e-001
6.068389371549311e-004	-3.918341e-001
6.100501523847127e-004	-3.946638e-001
6.151920368469946e-004	-3.987478e-001
6.225826767340601e-004	-4.040355e-001
6.256838075324600e-004	-4.060371e-001
6.283906828420615e-004	-4.076191e-001
6.317023911893287e-004	-4.094090e-001
6.343881683315313e-004	-4.107450e-001
6.374191116129297e-004	-4.121074e-001
6.424153102586599e-004	-4.140950e-001
6.486035768674965e-004	-4.161703e-001
6.583692018674965e-004	-4.187894e-001
6.681348268674965e-004	-4.208042e-001
6.779004518674965e-004	-4.222986e-001
6.876660768674965e-004	-4.234047e-001
6.974317018674965e-004	-4.242210e-001
7.071973268674965e-004	-4.248216e-001
7.169629518674965e-004	-4.252614e-001
7.267285768674965e-004	-4.255816e-001
7.364942018674965e-004	-4.258127e-001
7.462598268674966e-004	-4.259776e-001
7.560254518674966e-004	-4.260933e-001
7.657910768674966e-004	-4.261723e-001
7.755567018674966e-004	-4.262243e-001
7.853223268674966e-004	-4.262560e-001
7.950879518674966e-004	-4.262727e-001
8.146192018674966e-004	-4.262744e-001
8.243848268674966e-004	-4.262627e-001
8.341504518674966e-004	-4.262413e-001
8.439160768674966e-004	-4.262022e-001
8.536817018674967e-004	-4.261295e-001
8.596409276220666e-004	-4.260370e-001
8.660047826358335e-004	-4.258413e-001
8.724694589022763e-004	-4.255042e-001
8.780892987574539e-004	-4.250827e-001
8.813289436187227e-004	-4.247779e-001
8.834773079179599e-004	-4.245509e-001
8.859020261574752e-004	-4.242849e-001
8.869945449000547e-004	-4.241644e-001
8.878525154490266e-004	-4.240693e-001
8.888812729207037e-004	-4.239541e-001
8.904128211365519e-004	-4.237784e-001
8.912625146622112e-004	-4.236784e-001
8.918924369394312e-004	-4.236029e-001
8.925768581298624e-004	-4.235193e-001
8.934898662137725e-004	-4.234053e-001
8.944592240552367e-004	-4.232811e-001
8.956267450045461e-004	-4.231265e-001
8.970745627848135e-004	-4.229277e-001
8.984201302465061e-004	-4.227352e-001
9.000063535745644e-004	-4.224974e-001
9.018990655081492e-004	-4.221948e-001
9.056844893753187e-004	-4.215242e-001
9.125814268413448e-004	-4.201021e-001
9.223470518413448e-004	-4.176770e-001
9.321126768413448e-004	-4.147056e-001
9.418783018413448e-004	-4.110453e-001
9.516439268413448e-004	-4.065108e-001
9.614095518413449e-004	-4.007535e-001
9.711751768413449e-004	-3.929516e-001
9.809408018413449e-004	-3.818471e-001
9.865684741038466e-004	-3.723403e-001
9.898212655244313e-004	-3.636347e-001
9.939944288912641e-004	-3.477874e-001
9.958087299739790e-004	-3.387326e-001
9.984266437524402e-004	-3.226976e-001
1.000862925021737e-003	-3.051701e-001
1.005388296454185e-003	-2.668382e-001
1.010904073804293e-003	-2.133512e-001
1.014735881756082e-003	-1.719596e-001
1.017732387562390e-003	-1.373180e-001
1.020832168366409e-003	-1.006796e-001
1.024035966399876e-003	-6.354718e-002
1.028667185171552e-003	-1.279442e-002
1.033720300485785e-003	3.743368e-002
1.041177671303011e-003	1.014880e-001
1.050943296303011e-003	1.710970e-001
1.060708921303011e-003	2.267287e-001
1.070474546303011e-003	2.702284e-001
1.080240171303011e-003	3.041884e-001
1.090005796303011e-003	3.307312e-001
1.099771421303011e-003	3.515394e-001
1.109537046303011e-003	3.679172e-001
1.119302671303011e-003	3.812481e-001
1.123053602951528e-003	3.856204e-001
1.124870324408527e-003	3.875118e-001
1.126872114867197e-003	3.894680e-001
1.128676849867005e-003	3.911431e-001
1.130447528478220e-003	3.927038e-001
1.132135927328616e-003	3.941141e-001
1.134415372972716e-003	3.958963e-001
1.137969003834183e-003	3.984557e-001
1.141979521987316e-003	4.010588e-001
1.146702077305683e-003	4.037400e-001
1.153164905657812e-003	4.068418e-001
1.161670224258062e-003	4.101567e-001
1.171290901058241e-003	4.130829e-001
1.181056526058241e-003	4.153346e-001
1.190822151058241e-003	4.170192e-001
1.200587776058241e-003	4.182760e-001
1.210353401058241e-003	4.192117e-001
1.220119026058241e-003	4.199066e-001
1.229884651058241e-003	4.204202e-001
1.239650276058241e-003	4.207974e-001
1.249415901058241e-003	4.210714e-001
1.259181526058241e-003	4.212672e-001
1.268947151058241e-003	4.214030e-001
1.278712776058241e-003	4.214926e-001
1.288478401058241e-003	4.215460e-001
1.298244026058241e-003	4.215700e-001
1.308009651058241e-003	4.215692e-001
1.317775276058241e-003	4.215458e-001
1.327540901058241e-003	4.214990e-001
1.337306526058241e-003	4.214281e-001
1.343531705856131e-003	4.213652e-001
1.350112793013571e-003	4.212791e-001
1.354494227998761e-003	4.212083e-001
1.358940209536322e-003	4.211219e-001
1.362259209828977e-003	4.210463e-001
1.365094492295459e-003	4.209707e-001
1.367335460465129e-003	4.209004e-001
1.369386296192616e-003	4.208236e-001
1.371398942236843e-003	4.207297e-001
1.374899793792572e-003	4.205194e-001
1.379174867578308e-003	4.201724e-001
1.385928737912209e-003	4.194146e-001
1.394034018878876e-003	4.181671e-001
1.403799643878876e-003	4.161584e-001
1.413565268878876e-003	4.135616e-001
1.423330893878876e-003	4.102734e-001
1.433096518878876e-003	4.061419e-001
1.442862143878876e-003	4.008756e-001
1.452627768878876e-003	3.938225e-001
1.462393393878876e-003	3.835950e-001
1.470034664376511e-003	3.714831e-001
1.473795539365721e-003	3.618479e-001
1.477676427083212e-003	3.473455e-001
1.479608062614204e-003	3.378113e-001
1.482254615693623e-003	3.218169e-001
1.484737114378095e-003	3.041770e-001
1.489108993943374e-003	2.676502e-001
1.494483356704410e-003	2.162231e-001
1.498425923588260e-003	1.741463e-001
1.501447202394636e-003	1.395264e-001
1.504434573763793e-003	1.043553e-001
1.507592577530632e-003	6.770149e-002
1.512083206379295e-003	1.816920e-002
1.517034773935142e-003	-3.170743e-002
1.523932666780719e-003	-9.214080e-002
1.533698291780719e-003	-1.635360e-001
1.543463916780719e-003	-2.209000e-001
1.553229541780719e-003	-2.657988e-001
1.562995166780719e-003	-3.008736e-001
1.572760791780719e-003	-3.283039e-001
1.582526416780719e-003	-3.498237e-001
1.592292041780719e-003	-3.673013e-001
1.595886667944946e-003	-3.728507e-001
1.595891933510616e-003	-3.728581e-001
1.596019310051592e-003	-3.730344e-001
1.596146686592567e-003	-3.732100e-001
1.596274063133543e-003	-3.733850e-001
1.596401439674519e-003	-3.735593e-001
1.596528816215494e-003	-3.737330e-001
1.596656192756470e-003	-3.739060e-001
1.596783569297446e-003	-3.740783e-001
1.597682225838502e-003	-3.752811e-001
1.598821334161224e-003	-3.767741e-001
1.599916984652018e-003	-3.781783e-001
1.600628908810023e-003	-3.790718e-001
1.601275250372123e-003	-3.798685e-001
1.601908943306883e-003	-3.806380e-001
1.602502166706655e-003	-3.813481e-001
1.603092006405044e-003	-3.820438e-001
1.603777954858126e-003	-3.828402e-001
1.604442704213258e-003	-3.835987e-001
1.606384015586825e-003	-3.857262e-001
1.608311913462650e-003	-3.877339e-001
1.610470049297641e-003	-3.898551e-001
1.614253420104741e-003	-3.933197e-001
1.617809285403963e-003	-3.963017e-001
1.623431616619310e-003	-4.005260e-001
1.630082959457837e-003	-4.050296e-001
1.633076933498072e-003	-4.068561e-001
1.636197446439150e-003	-4.085850e-001
1.639163671431178e-003	-4.100978e-001
1.642346980485918e-003	-4.115824e-001
1.645587411234826e-003	-4.129359e-001
1.651536562434863e-003	-4.150998e-001
1.658256853968149e-003	-4.171344e-001
1.668022478968149e-003	-4.194688e-001
1.677788103968149e-003	-4.212549e-001
1.687553728968149e-003	-4.225790e-001
1.697319353968149e-003	-4.235582e-001
1.707084978968149e-003	-4.242802e-001
1.716850603968149e-003	-4.248106e-001
1.726616228968149e-003	-4.251983e-001
1.736381853968149e-003	-4.254798e-001
1.746147478968149e-003	-4.256822e-001
1.755913103968149e-003	-4.258258e-001
1.765678728968149e-003	-4.259256e-001
1.775444353968149e-003	-4.259930e-001
1.785209978968149e-003	-4.260361e-001
1.794975603968149e-003	-4.260609e-001
1.814506853968149e-003	-4.260713e-001
1.824272478968149e-003	-4.260594e-001
1.834038103968149e-003	-4.260319e-001
1.843803728968149e-003	-4.259778e-001
1.850860070848281e-003	-4.258997e-001
1.856673300636952e-003	-4.257692e-001
1.863089267778776e-003	-4.255145e-001
1.868442495290777e-003	-4.251816e-001
1.869300552533020e-003	-4.251261e-001
1.870158609775262e-003	-4.250658e-001
1.871016667017505e-003	-4.250008e-001
1.871874724259748e-003	-4.249310e-001
1.872732781501991e-003	-4.248565e-001
1.873590838744233e-003	-4.247772e-001
1.874448895986476e-003	-4.246933e-001
1.874557911585362e-003	-4.246822e-001
1.874775942783135e-003	-4.246600e-001
1.876084129969768e-003	-4.245227e-001
1.877828379551945e-003	-4.243347e-001
1.879843073638795e-003	-4.241149e-001
1.881830940276962e-003	-4.238971e-001
1.882779124307271e-003	-4.237927e-001
1.883885607352760e-003	-4.236692e-001
1.884904450306564e-003	-4.235532e-001
1.885883375215038e-003	-4.234397e-001
1.886526936995389e-003	-4.233635e-001
1.887261739191255e-003	-4.232748e-001
1.888163231172686e-003	-4.231635e-001
1.889163450321221e-003	-4.230368e-001
1.890383077783062e-003	-4.228770e-001
1.891913121247971e-003	-4.226689e-001
1.893376274742213e-003	-4.224612e-001
1.896919329095216e-003	-4.219142e-001
1.900756129419307e-003	-4.212388e-001
1.907624617365061e-003	-4.198335e-001
1.917390242365061e-003	-4.174308e-001
1.927155867365061e-003	-4.144911e-001
1.936921492365061e-003	-4.108727e-001
1.946687117365061e-003	-4.063934e-001
1.956452742365061e-003	-4.007123e-001
1.966218367365060e-003	-3.930373e-001
1.975983992365060e-003	-3.820988e-001
1.981893474559786e-003	-3.722720e-001
1.985162177766189e-003	-3.637092e-001
1.989123687379351e-003	-3.489600e-001
1.991015421323698e-003	-3.396951e-001
1.993643372434558e-003	-3.238865e-001
1.996039083437507e-003	-3.069427e-001
2.000281605873120e-003	-2.715747e-001
2.005826946602731e-003	-2.185196e-001
2.009819829008056e-003	-1.758365e-001
2.012865259905872e-003	-1.408249e-001
2.015861712893088e-003	-1.054307e-001
2.019027539363140e-003	-6.858017e-002
2.023513789339018e-003	-1.897603e-002
2.028461148961007e-003	3.095607e-002
2.035378442714316e-003	9.165346e-002
2.045144067714316e-003	1.631296e-001
2.054909692714315e-003	2.205299e-001
2.064675317714315e-003	2.654375e-001
2.074440942714315e-003	3.005009e-001
2.084206567714315e-003	3.279043e-001
2.093972192714315e-003	3.493850e-001
2.103737817714314e-003	3.662901e-001
2.113503442714314e-003	3.800469e-001
2.117300114395007e-003	3.846119e-001
2.119227692959200e-003	3.866844e-001
2.121021813522264e-003	3.885018e-001
2.122427047224568e-003	3.898593e-001
2.124134756729425e-003	3.914332e-001
2.125899917811687e-003	3.929788e-001
2.128251081967107e-003	3.949129e-001
2.131191443569901e-003	3.971565e-001
2.134664520452449e-003	3.995662e-001
2.139211401361660e-003	4.023528e-001
2.145737268661471e-003	4.057713e-001
2.153274910531839e-003	4.090264e-001
2.161689470900513e-003	4.119062e-001
2.171455095900513e-003	4.144863e-001
2.181220720900513e-003	4.164404e-001
2.190986345900513e-003	4.178994e-001
2.200751970900512e-003	4.189871e-001
2.210517595900512e-003	4.197962e-001
2.220283220900512e-003	4.203963e-001
2.230048845900512e-003	4.208390e-001
2.239814470900511e-003	4.211633e-001
2.249580095900511e-003	4.213978e-001
2.259345720900511e-003	4.215642e-001
2.269111345900511e-003	4.216783e-001
2.278876970900511e-003	4.217521e-001
2.288642595900510e-003	4.217942e-001
2.298408220900510e-003	4.218106e-001
2.317939470900510e-003	4.217811e-001
2.327705095900510e-003	4.217373e-001
2.337470720900509e-003	4.216709e-001
2.347236345900509e-003	4.215803e-001
2.352333777174448e-003	4.215176e-001
2.358778372859693e-003	4.214174e-001
2.363105773300140e-003	4.213344e-001
2.367459105565424e-003	4.212326e-001
2.370519014243982e-003	4.211475e-001
2.372700024353842e-003	4.210750e-001
2.374816232992584e-003	4.209891e-001
2.377554381108721e-003	4.208463e-001
2.381782649103875e-003	4.205565e-001
2.386266223311731e-003	4.201353e-001
2.393648429992731e-003	4.191706e-001
2.403109054363281e-003	4.174921e-001
2.412874679363281e-003	4.151986e-001
2.422640304363281e-003	4.122533e-001
2.432405929363281e-003	4.085416e-001
2.442171554363281e-003	4.038526e-001
2.451937179363280e-003	3.977479e-001
2.461702804363280e-003	3.890955e-001
2.471468429363280e-003	3.763233e-001
2.476199719914318e-003	3.668042e-001
2.479082704540350e-003	3.577407e-001
2.482815471289971e-003	3.416681e-001
2.484695919280591e-003	3.314621e-001
2.487130873420161e-003	3.155355e-001
2.490290234573935e-003	2.915102e-001
2.494685268346960e-003	2.519582e-001
2.502605640606957e-003	1.702929e-001
2.506243079834354e-003	1.292007e-001
2.509757129340118e-003	8.792965e-002
2.513377653369854e-003	4.668404e-002
2.518453093637690e-003	-7.216041e-003
2.523960311799225e-003	-5.931902e-002
2.532614968032869e-003	-1.289364e-001
2.542380593032868e-003	-1.932845e-001
2.552146218032868e-003	-2.441718e-001
2.561911843032868e-003	-2.839482e-001
2.571677468032868e-003	-3.150305e-001
2.581443093032868e-003	-3.393664e-001
2.591208718032867e-003	-3.584885e-001
2.600974343032867e-003	-3.743462e-001
2.601031563491851e-003	-3.744248e-001
2.601260445327789e-003	-3.747312e-001
2.601565621109039e-003	-3.751366e-001
2.602175972671539e-003	-3.759383e-001
2.603037381379900e-003	-3.770524e-001
2.603926178133991e-003	-3.781818e-001
2.604562696326043e-003	-3.789764e-001
2.605246938111534e-003	-3.798172e-001
2.606182314262065e-003	-3.809434e-001
2.607116814713126e-003	-3.820440e-001
2.607742942976569e-003	-3.827696e-001
2.608347177325482e-003	-3.834562e-001
2.610149119556055e-003	-3.854365e-001
2.611906960443239e-003	-3.872725e-001
2.613884798026780e-003	-3.892417e-001
2.616639506061650e-003	-3.918273e-001
2.619413078683540e-003	-3.942395e-001
2.624667673534470e-003	-3.983613e-001
2.632123250696615e-003	-4.036081e-001
2.636159487763932e-003	-4.061554e-001
2.638904209679570e-003	-4.077117e-001
2.642984149013388e-003	-4.098366e-001
2.645473769053205e-003	-4.110242e-001
2.648830821551861e-003	-4.124722e-001
2.652819843571537e-003	-4.139919e-001
2.660431150369615e-003	-4.164355e-001
2.669351081742496e-003	-4.187370e-001
2.679116706742496e-003	-4.206624e-001
2.688882331742496e-003	-4.221031e-001
2.698647956742496e-003	-4.231696e-001
2.708413581742496e-003	-4.239569e-001
2.718179206742495e-003	-4.245360e-001
2.727944831742495e-003	-4.249600e-001
2.737710456742495e-003	-4.252687e-001
2.747476081742495e-003	-4.254913e-001
2.757241706742495e-003	-4.256499e-001
2.767007331742494e-003	-4.257609e-001
2.776772956742494e-003	-4.258365e-001
2.786538581742494e-003	-4.258855e-001
2.796304206742494e-003	-4.259144e-001
2.806069831742494e-003	-4.259275e-001
2.815835456742493e-003	-4.259268e-001
2.825601081742493e-003	-4.259109e-001
2.835366706742493e-003	-4.258692e-001
2.845132331742493e-003	-4.257787e-001
2.851450468065523e-003	-4.256492e-001
2.858580713321509e-003	-4.253759e-001
2.864246387836992e-003	-4.250278e-001
2.870337203325643e-003	-4.245354e-001
2.870361769672333e-003	-4.245329e-001
2.870558300445856e-003	-4.245130e-001
2.871232120240789e-003	-4.244436e-001
2.872130546634034e-003	-4.243489e-001
2.873927399420524e-003	-4.241560e-001
2.875994209178370e-003	-4.239320e-001
2.877774330549760e-003	-4.237386e-001
2.878733293344017e-003	-4.236341e-001
2.879807093942845e-003	-4.235156e-001
2.880766076075187e-003	-4.234081e-001
2.881685554500086e-003	-4.233030e-001
2.882404255450553e-003	-4.232193e-001
2.883211988190688e-003	-4.231233e-001
2.884017839809487e-003	-4.230256e-001
2.886482047069168e-003	-4.227119e-001
2.887889630157516e-003	-4.225236e-001
2.889370830118130e-003	-4.223162e-001
2.891136866421296e-003	-4.220571e-001
2.896408025168542e-003	-4.211856e-001
2.901309725115892e-003	-4.202313e-001
2.911075350115892e-003	-4.179698e-001
2.920840975115891e-003	-4.152225e-001
2.930606600115891e-003	-4.118399e-001
2.940372225115891e-003	-4.076687e-001
2.950137850115891e-003	-4.024310e-001
2.959903475115891e-003	-3.955313e-001
2.969669100115890e-003	-3.854833e-001
2.978403792332841e-003	-3.719023e-001
2.982147206718390e-003	-3.624673e-001
2.985823002475428e-003	-3.488451e-001
2.987776412327652e-003	-3.392836e-001
2.990400264834236e-003	-3.235600e-001
2.992823373045447e-003	-3.064799e-001
2.996965580603129e-003	-2.721016e-001
3.002412303456165e-003	-2.202191e-001
3.006472868536390e-003	-1.769924e-001
3.009531135325817e-003	-1.419376e-001
3.012497070975553e-003	-1.069400e-001
3.015658344515645e-003	-7.011475e-002
3.020103047279019e-003	-2.082920e-002
3.024901490268537e-003	2.781728e-002
3.031872003654649e-003	8.934784e-002
3.041637628654649e-003	1.613348e-001
3.051403253654648e-003	2.191438e-001
3.061168878654648e-003	2.643815e-001
3.070934503654648e-003	2.997077e-001
3.080700128654648e-003	3.273197e-001
3.090465753654648e-003	3.489670e-001
3.100231378654647e-003	3.660063e-001
3.109997003654647e-003	3.798938e-001
3.113538317642304e-003	3.842038e-001
3.115315429932055e-003	3.861439e-001
3.117068641621338e-003	3.879526e-001
3.118511758795803e-003	3.893748e-001
3.120142720572218e-003	3.909099e-001
3.121858961057706e-003	3.924465e-001
3.124113724361771e-003	3.943506e-001
3.126708494351117e-003	3.963945e-001
3.129894814033745e-003	3.986809e-001
3.134977285155869e-003	4.019312e-001
3.140244831892726e-003	4.048382e-001
3.147456705785075e-003	4.081673e-001
3.154589718683441e-003	4.108371e-001
3.164355343683441e-003	4.136946e-001
3.174120968683441e-003	4.158856e-001
3.183886593683440e-003	4.175222e-001
3.193652218683440e-003	4.187432e-001
3.203417843683440e-003	4.196526e-001
3.213183468683440e-003	4.203281e-001
3.222949093683440e-003	4.208280e-001
3.232714718683439e-003	4.211957e-001
3.242480343683439e-003	4.214635e-001
3.252245968683439e-003	4.216557e-001
3.262011593683439e-003	4.217901e-001
3.271777218683439e-003	4.218803e-001
3.281542843683438e-003	4.219360e-001
3.291308468683438e-003	4.219644e-001
3.301074093683438e-003	4.219707e-001
3.320605343683438e-003	4.219283e-001
3.330370968683437e-003	4.218809e-001
3.340136593683437e-003	4.218129e-001
3.349902218683437e-003	4.217177e-001
3.359317924621646e-003	4.215952e-001
3.364349916577602e-003	4.215084e-001
3.370178746279599e-003	4.213788e-001
3.374220253176670e-003	4.212662e-001
3.376976398234952e-003	4.211689e-001
3.379483882440768e-003	4.210538e-001
3.383099970650579e-003	4.208368e-001
3.386953371170324e-003	4.205223e-001
3.393544914040637e-003	4.197834e-001
3.401047607490530e-003	4.186315e-001
3.410813232490529e-003	4.166208e-001
3.420578857490529e-003	4.140135e-001
3.430344482490529e-003	4.106980e-001
3.440110107490529e-003	4.065225e-001
3.449875732490529e-003	4.011919e-001
3.459641357490528e-003	3.940377e-001
3.469406982490528e-003	3.836919e-001
3.476769297420041e-003	3.719457e-001
3.480394314842523e-003	3.626628e-001
3.484224290803844e-003	3.484288e-001
3.486160022920301e-003	3.389310e-001
3.488803012425970e-003	3.230422e-001
3.491209464791128e-003	3.059945e-001
3.495654532812315e-003	2.690967e-001
3.500416729327944e-003	2.238662e-001
3.504548523123997e-003	1.800556e-001
3.507603270264175e-003	1.452391e-001
3.510503921886394e-003	1.110764e-001
3.513664533723908e-003	7.418483e-002
3.518090431136852e-003	2.485831e-002
3.522905501284308e-003	-2.436906e-002
3.529592283892364e-003	-8.407850e-002
3.539302771935345e-003	-1.566806e-001
3.549068396935345e-003	-2.154837e-001
3.558834021935345e-003	-2.615321e-001
3.568599646935345e-003	-2.974914e-001
3.578365271935345e-003	-3.255947e-001
3.588130896935344e-003	-3.476233e-001
3.597896521935344e-003	-3.654247e-001
3.602275899527303e-003	-3.721884e-001
3.604547422243073e-003	-3.753210e-001
3.606058652236999e-003	-3.772858e-001
3.607726310215124e-003	-3.793594e-001
3.609896489258548e-003	-3.819622e-001
3.610710736347739e-003	-3.829064e-001
3.611657426172129e-003	-3.839712e-001
3.612583920472944e-003	-3.849878e-001
3.613651543129115e-003	-3.861205e-001
3.615786788441458e-003	-3.882897e-001
3.618248914377933e-003	-3.906488e-001
3.621723543566691e-003	-3.937362e-001
3.625832564870476e-003	-3.970663e-001
3.631543997162378e-003	-4.012017e-001
3.638437755388324e-003	-4.056715e-001
3.641635661753119e-003	-4.075329e-001
3.644907923478746e-003	-4.092498e-001
3.648497159089513e-003	-4.109714e-001
3.651732992399278e-003	-4.123794e-001
3.655269066181011e-003	-4.137428e-001
3.661723490172479e-003	-4.158846e-001
3.669333152649076e-003	-4.179598e-001
3.679098777649075e-003	-4.200387e-001
3.688864402649075e-003	-4.216155e-001
3.698630027649075e-003	-4.227839e-001
3.708395652649075e-003	-4.236472e-001
3.718161277649075e-003	-4.242831e-001
3.727926902649074e-003	-4.247496e-001
3.737692527649074e-003	-4.250897e-001
3.747458152649074e-003	-4.253359e-001
3.757223777649074e-003	-4.255120e-001
3.766989402649074e-003	-4.256361e-001
3.776755027649073e-003	-4.257212e-001
3.786520652649073e-003	-4.257772e-001
3.796286277649073e-003	-4.258109e-001
3.806051902649073e-003	-4.258268e-001
3.815817527649072e-003	-4.258266e-001
3.825583152649072e-003	-4.258073e-001
3.835348777649072e-003	-4.257587e-001
3.842771831862179e-003	-4.256791e-001
3.848889208706314e-003	-4.255428e-001
3.855591023402503e-003	-4.252761e-001
3.861261164794614e-003	-4.249226e-001
3.862165161283581e-003	-4.248639e-001
3.863069157772549e-003	-4.248001e-001
3.863973154261517e-003	-4.247312e-001
3.864877150750485e-003	-4.246573e-001
3.865781147239452e-003	-4.245783e-001
3.866685143728420e-003	-4.244942e-001
3.867589140217388e-003	-4.244050e-001
3.868283252381790e-003	-4.243336e-001
3.869208735267660e-003	-4.242363e-001
3.871030230584533e-003	-4.240416e-001
3.873073338414265e-003	-4.238212e-001
3.874762116927667e-003	-4.236387e-001
3.875740417278357e-003	-4.235328e-001
3.876877128393126e-003	-4.234085e-001
3.877826884072345e-003	-4.233029e-001
3.878730827008689e-003	-4.232006e-001
3.879483326770439e-003	-4.231139e-001
3.880174800142913e-003	-4.230328e-001
3.880878215301481e-003	-4.229487e-001
3.881781412160070e-003	-4.228382e-001
3.883040346986831e-003	-4.226799e-001
3.884192749240253e-003	-4.225300e-001
3.885642169598418e-003	-4.223346e-001
3.886858540221341e-003	-4.221639e-001
3.888561676021417e-003	-4.219133e-001
3.890746002408638e-003	-4.215689e-001
3.895114655183079e-003	-4.207970e-001
3.903117797250671e-003	-4.191391e-001
3.912883422250671e-003	-4.166942e-001
3.922649047250671e-003	-4.136969e-001
3.932414672250671e-003	-4.100130e-001
3.942180297250670e-003	-4.054468e-001
3.951945922250670e-003	-3.996179e-001
3.961711547250670e-003	-3.916345e-001
3.971477172250670e-003	-3.800440e-001
3.977331242131467e-003	-3.694245e-001
3.980717067624812e-003	-3.595838e-001
3.984693341432476e-003	-3.433543e-001
3.986216948381026e-003	-3.353434e-001
3.988903890734358e-003	-3.182313e-001
3.991707631425859e-003	-2.974502e-001
3.996124448288813e-003	-2.587018e-001
4.003024598625248e-003	-1.893587e-001
4.006662781196038e-003	-1.489275e-001
4.009733221767410e-003	-1.128807e-001
4.013197910351238e-003	-7.248350e-002
4.017851904854238e-003	-2.078513e-002
4.022676987945292e-003	2.819709e-002
4.029487784246274e-003	8.839022e-002
4.039253409246274e-003	1.605247e-001
4.049019034246273e-003	2.185243e-001
4.058784659246273e-003	2.639165e-001
4.068550284246273e-003	2.993663e-001
4.078315909246273e-003	3.270774e-001
4.088081534246273e-003	3.488048e-001
4.097847159246272e-003	3.659096e-001
4.107612784246272e-003	3.798555e-001
4.111112586828752e-003	3.841345e-001
4.112870098190727e-003	3.860627e-001
4.114606169065143e-003	3.878627e-001
4.116093690706136e-003	3.893359e-001
4.117731895624610e-003	3.908840e-001
4.119519046022213e-003	3.924882e-001
4.121873226612795e-003	3.944750e-001
4.124744747322737e-003	3.967254e-001
4.128087016282958e-003	3.991081e-001
4.132796603163322e-003	4.020872e-001
4.138636278978209e-003	4.052544e-001
4.146459715088141e-003	4.087672e-001
4.154397341319826e-003	4.116128e-001
4.164162966319826e-003	4.143177e-001
4.173928591319826e-003	4.163757e-001
4.183694216319826e-003	4.179127e-001
4.193459841319826e-003	4.190590e-001
4.203225466319825e-003	4.199125e-001
4.212991091319825e-003	4.205463e-001
4.222756716319825e-003	4.210150e-001
4.232522341319825e-003	4.213593e-001
4.242287966319825e-003	4.216098e-001
4.252053591319824e-003	4.217890e-001
4.261819216319824e-003	4.219139e-001
4.271584841319824e-003	4.219971e-001
4.281350466319824e-003	4.220478e-001
4.291116091319823e-003	4.220727e-001
4.300881716319823e-003	4.220766e-001
4.320412966319823e-003	4.220332e-001
4.330178591319823e-003	4.219873e-001
4.339944216319822e-003	4.219229e-001
4.349709841319822e-003	4.218339e-001
4.359386558679163e-003	4.217172e-001
4.364458585661735e-003	4.216367e-001
4.370191724231637e-003	4.215181e-001
4.375759315766620e-003	4.213728e-001
4.378878018291657e-003	4.212675e-001
4.381834436096249e-003	4.211365e-001
4.384840653012454e-003	4.209599e-001
4.389049796409406e-003	4.206261e-001
4.394784218008024e-003	4.200022e-001
4.402550163311825e-003	4.188365e-001
4.412315788311825e-003	4.168649e-001
4.422081413311825e-003	4.142908e-001
4.431847038311824e-003	4.110091e-001
4.441612663311824e-003	4.068737e-001
4.451378288311824e-003	4.015993e-001
4.461143913311824e-003	3.945449e-001
4.470909538311823e-003	3.843091e-001
4.478688702386638e-003	3.719836e-001
4.482409920794806e-003	3.624632e-001
4.486216314759301e-003	3.482512e-001
4.488143203669546e-003	3.387505e-001
4.490771154350135e-003	3.228904e-001
4.493200493055248e-003	3.056326e-001
4.497599576543226e-003	2.690270e-001
4.502415255194482e-003	2.232002e-001
4.506490787352725e-003	1.799331e-001
4.509538881133672e-003	1.451589e-001
4.512443043379721e-003	1.109414e-001
4.515601712431135e-003	7.406710e-002
4.520021031046041e-003	2.481236e-002
4.524827250329900e-003	-2.432119e-002
4.531528265530118e-003	-8.414661e-002
4.541248464822199e-003	-1.567973e-001
4.551014089822199e-003	-2.155676e-001
4.560779714822199e-003	-2.615831e-001
4.570545339822199e-003	-2.975137e-001
4.580310964822199e-003	-3.255915e-001
4.590076589822198e-003	-3.475973e-001
4.599842214822198e-003	-3.653775e-001
4.604241053997909e-003	-3.722436e-001
4.604275286209393e-003	-3.722910e-001
4.604638409823543e-003	-3.727917e-001
4.605031288745118e-003	-3.733274e-001
4.605817046588268e-003	-3.743833e-001
4.606930773765124e-003	-3.758489e-001
4.608205860344673e-003	-3.774816e-001
4.609728661205782e-003	-3.793562e-001
4.612602496745792e-003	-3.827572e-001
4.613617718659932e-003	-3.839123e-001
4.614647365019367e-003	-3.850370e-001
4.616065342299924e-003	-3.865355e-001
4.617569156132945e-003	-3.880611e-001
4.619799087041770e-003	-3.902139e-001
4.622225467345558e-003	-3.924047e-001
4.626872390095939e-003	-3.962457e-001
4.632474820797625e-003	-4.003867e-001
4.639794337471975e-003	-4.051951e-001
4.643282550587820e-003	-4.072507e-001
4.646285764664582e-003	-4.088443e-001
4.650068110952718e-003	-4.106886e-001
4.652713627402272e-003	-4.118667e-001
4.656219495833137e-003	-4.132681e-001
4.661248520134332e-003	-4.150289e-001
4.668577381736511e-003	-4.171659e-001
4.678343006736510e-003	-4.194238e-001
4.688108631736510e-003	-4.211423e-001
4.697874256736510e-003	-4.224167e-001
4.707639881736510e-003	-4.233594e-001
4.717405506736510e-003	-4.240545e-001
4.727171131736509e-003	-4.245651e-001
4.736936756736509e-003	-4.249383e-001
4.746702381736509e-003	-4.252090e-001
4.756468006736509e-003	-4.254034e-001
4.766233631736509e-003	-4.255410e-001
4.775999256736508e-003	-4.256361e-001
4.785764881736508e-003	-4.256994e-001
4.795530506736508e-003	-4.257382e-001
4.805296131736508e-003	-4.257575e-001
4.815061756736508e-003	-4.257587e-001
4.824827381736507e-003	-4.257380e-001
4.834593006736507e-003	-4.256839e-001
4.841431590529351e-003	-4.255992e-001
4.847930304724713e-003	-4.254338e-001
4.854749182560344e-003	-4.251322e-001
4.860400018667510e-003	-4.247533e-001
4.866044891863259e-003	-4.242601e-001
4.868528632731161e-003	-4.240096e-001
4.871678345560170e-003	-4.236726e-001
4.871699862651621e-003	-4.236703e-001
4.871728552106890e-003	-4.236672e-001
4.871785931017427e-003	-4.236611e-001
4.871900688838501e-003	-4.236487e-001
4.872130204480650e-003	-4.236240e-001
4.872589235764948e-003	-4.235748e-001
4.873841824697653e-003	-4.234401e-001
4.874445333805951e-003	-4.233746e-001
4.876459469698137e-003	-4.231507e-001
4.877333489877138e-003	-4.230511e-001
4.878009213376578e-003	-4.229726e-001
4.878740939161979e-003	-4.228858e-001
4.879859953894096e-003	-4.227498e-001
4.880929441585987e-003	-4.226163e-001
4.882107168337382e-003	-4.224643e-001
4.883556514329961e-003	-4.222705e-001
4.884794226941212e-003	-4.220982e-001
4.886540892947373e-003	-4.218435e-001
4.888544731719526e-003	-4.215317e-001
4.892552409263832e-003	-4.208426e-001
4.899037084904558e-003	-4.195506e-001
4.908802709904557e-003	-4.172188e-001
4.918568334904557e-003	-4.143760e-001
4.928333959904557e-003	-4.108830e-001
4.938099584904557e-003	-4.065702e-001
4.947865209904557e-003	-4.011265e-001
4.957630834904556e-003	-3.938609e-001
4.967396459904556e-003	-3.834184e-001
4.974551676408041e-003	-3.719700e-001
4.978071704944125e-003	-3.630101e-001
4.981833790641067e-003	-3.491816e-001
4.983801362559087e-003	-3.396373e-001
4.986453762419493e-003	-3.238476e-001
4.988842220366392e-003	-3.070995e-001
4.993027823203711e-003	-2.725767e-001
4.998235466218758e-003	-2.232932e-001
5.002358083254788e-003	-1.796549e-001
5.005436293962168e-003	-1.445325e-001
5.008357404182402e-003	-1.101132e-001
5.011527189085717e-003	-7.312639e-002
5.015936200109359e-003	-2.403383e-002
5.020726227902194e-003	2.486227e-002
5.027477458099582e-003	8.501499e-002
5.037243083099582e-003	1.578225e-001
5.047008708099582e-003	2.164117e-001
5.056774333099582e-003	2.622760e-001
5.066539958099582e-003	2.980970e-001
5.076305583099581e-003	3.260981e-001
5.086071208099581e-003	3.480524e-001
5.095836833099581e-003	3.653354e-001
5.105602458099581e-003	3.793984e-001
5.109479614512275e-003	3.841666e-001
5.111255243847705e-003	3.861198e-001
5.113105945480101e-003	3.880377e-001
5.114518258223753e-003	3.894346e-001
5.116206260643524e-003	3.910267e-001
5.117982757019230e-003	3.926181e-001
5.120374879685464e-003	3.946270e-001
5.123588255330019e-003	3.971309e-001
5.126663204855953e-003	3.993240e-001
5.130275312083379e-003	4.016481e-001
5.134632472270752e-003	4.041032e-001
5.142363023694418e-003	4.077604e-001
5.151426333634709e-003	4.112031e-001
5.161191958634709e-003	4.140487e-001
5.170957583634709e-003	4.161908e-001
5.180723208634708e-003	4.177907e-001
5.190488833634708e-003	4.189844e-001
5.200254458634708e-003	4.198735e-001
5.210020083634708e-003	4.205341e-001
5.219785708634708e-003	4.210230e-001
5.229551333634707e-003	4.213828e-001
5.239316958634707e-003	4.216451e-001
5.249082583634707e-003	4.218336e-001
5.258848208634707e-003	4.219658e-001
5.268613833634707e-003	4.220548e-001
5.278379458634706e-003	4.221104e-001
5.288145083634706e-003	4.221395e-001
5.297910708634706e-003	4.221474e-001
5.317441958634706e-003	4.221121e-001
5.327207583634705e-003	4.220716e-001
5.336973208634705e-003	4.220148e-001
5.346738833634705e-003	4.219392e-001
5.353688226412919e-003	4.218685e-001
5.361051576276045e-003	4.217733e-001
5.366136448724276e-003	4.216926e-001
5.370214367732534e-003	4.216134e-001
5.374402138520186e-003	4.215159e-001
5.377393866912979e-003	4.214337e-001
5.379695654744073e-003	4.213591e-001
5.381655542430589e-003	4.212835e-001
5.383564992356927e-003	4.211921e-001
5.387019127899938e-003	4.209815e-001
5.390810002302474e-003	4.206708e-001
5.397314973059248e-003	4.199379e-001
5.404882115268368e-003	4.187672e-001
5.414647740268368e-003	4.167363e-001
5.424413365268368e-003	4.140976e-001
5.434178990268368e-003	4.107382e-001
5.443944615268368e-003	4.065025e-001
5.453710240268367e-003	4.010858e-001
5.463475865268367e-003	3.937855e-001
5.473241490268367e-003	3.832746e-001
5.480107250490048e-003	3.722886e-001
5.483386694437730e-003	3.640360e-001
5.487044291143663e-003	3.508447e-001
5.489057817251482e-003	3.413464e-001
5.491341754317713e-003	3.281262e-001
5.493773347927024e-003	3.115396e-001
5.497762025554693e-003	2.795157e-001
5.502912271596105e-003	2.316982e-001
5.507466662800372e-003	1.841105e-001
5.510661123574818e-003	1.479142e-001
5.513556241639366e-003	1.138446e-001
5.516775740220341e-003	7.622445e-002
5.521346796943180e-003	2.519276e-002
5.526143841437601e-003	-2.393701e-002
5.532763634558065e-003	-8.315357e-002
5.542444052822608e-003	-1.557087e-001
5.552209677822608e-003	-2.146934e-001
5.561975302822608e-003	-2.608909e-001
5.571740927822607e-003	-2.969611e-001
5.581506552822607e-003	-3.251446e-001
5.591272177822607e-003	-3.472298e-001
5.601037802822607e-003	-3.650421e-001
5.605733109786356e-003	-3.723722e-001
5.605733969522739e-003	-3.723734e-001
5.606069184832268e-003	-3.728339e-001
5.606404400141795e-003	-3.732904e-001
5.606739615451324e-003	-3.737431e-001
5.607074830760852e-003	-3.741919e-001
5.607410046070380e-003	-3.746368e-001
5.607745261379908e-003	-3.750779e-001
5.608080476689437e-003	-3.755151e-001
5.608319168745287e-003	-3.758302e-001
5.608557860801137e-003	-3.761430e-001
5.608796552856987e-003	-3.764534e-001
5.609035244912838e-003	-3.767614e-001
5.609273936968687e-003	-3.770670e-001
5.609512629024538e-003	-3.773703e-001
5.609751321080388e-003	-3.776712e-001
5.609937051069134e-003	-3.779039e-001
5.610308511046627e-003	-3.783655e-001
5.611051431001614e-003	-3.792788e-001
5.611576508554764e-003	-3.799168e-001
5.613213097671936e-003	-3.818493e-001
5.613895009971462e-003	-3.826351e-001
5.614491896346521e-003	-3.833116e-001
5.615080816816256e-003	-3.839680e-001
5.615807118322894e-003	-3.847626e-001
5.616718143455194e-003	-3.857352e-001
5.618155884434963e-003	-3.872204e-001
5.620050369180476e-003	-3.890924e-001
5.622563970530698e-003	-3.914419e-001
5.625332373242585e-003	-3.938376e-001
5.630869178666357e-003	-3.981897e-001
5.636555601278783e-003	-4.021904e-001
5.642422921041419e-003	-4.058762e-001
5.645599209377515e-003	-4.076814e-001
5.648719364190745e-003	-4.092944e-001
5.652311879736692e-003	-4.109974e-001
5.655498782853197e-003	-4.123718e-001
5.658981750733188e-003	-4.137131e-001
5.664415841769714e-003	-4.155225e-001
5.672669152559642e-003	-4.177891e-001
5.682434777559642e-003	-4.198930e-001
5.692200402559642e-003	-4.214796e-001
5.701966027559641e-003	-4.226556e-001
5.711731652559641e-003	-4.235248e-001
5.721497277559641e-003	-4.241652e-001
5.731262902559641e-003	-4.246352e-001
5.741028527559641e-003	-4.249780e-001
5.750794152559640e-003	-4.252261e-001
5.760559777559640e-003	-4.254037e-001
5.770325402559640e-003	-4.255287e-001
5.780091027559640e-003	-4.256142e-001
5.789856652559640e-003	-4.256699e-001
5.799622277559639e-003	-4.257023e-001
5.809387902559639e-003	-4.257148e-001
5.819153527559639e-003	-4.257067e-001
5.828919152559639e-003	-4.256692e-001
5.837606983470410e-003	-4.255900e-001
5.843869148909116e-003	-4.254642e-001
5.850928504276489e-003	-4.252008e-001
5.856956828002386e-003	-4.248410e-001
5.863194783289154e-003	-4.243338e-001
5.866155630865825e-003	-4.240460e-001
5.868705304420006e-003	-4.237767e-001
5.870676493392656e-003	-4.235656e-001
5.871782132322967e-003	-4.234471e-001
5.872724294120282e-003	-4.233458e-001
5.873525499645038e-003	-4.232586e-001
5.874407495182395e-003	-4.231609e-001
5.875928550224462e-003	-4.229890e-001
5.876743175850803e-003	-4.228947e-001
5.877635125226853e-003	-4.227888e-001
5.878762250139153e-003	-4.226514e-001
5.879987431741846e-003	-4.224975e-001
5.881230000464695e-003	-4.223357e-001
5.882657839516881e-003	-4.221428e-001
5.884034343142953e-003	-4.219490e-001
5.888661405284445e-003	-4.212233e-001
5.894490678839970e-003	-4.201411e-001
5.904256303839970e-003	-4.179782e-001
5.914021928839970e-003	-4.153375e-001
5.923787553839969e-003	-4.120889e-001
5.933553178839969e-003	-4.080922e-001
5.943318803839969e-003	-4.030979e-001
5.953084428839969e-003	-3.965926e-001
5.962850053839969e-003	-3.871574e-001
5.972615678839968e-003	-3.730315e-001
5.976581860227854e-003	-3.639103e-001
5.979798239425593e-003	-3.528977e-001
5.982068937398183e-003	-3.426128e-001
5.984220750276790e-003	-3.306291e-001
5.986637737377392e-003	-3.147019e-001
5.990199082618010e-003	-2.872311e-001
5.994637356563247e-003	-2.471597e-001
6.000899429865046e-003	-1.828458e-001
6.004346739284987e-003	-1.441188e-001
6.007404370883095e-003	-1.081650e-001
6.010753140951489e-003	-6.919808e-002
6.015220578613586e-003	-1.974212e-002
6.020091160137381e-003	2.950239e-002
6.027040202829330e-003	9.064415e-002
6.036805827829330e-003	1.623692e-001
6.046571452829329e-003	2.199789e-001
6.056337077829329e-003	2.650672e-001
6.066102702829329e-003	3.002854e-001
6.075868327829329e-003	3.278220e-001
6.085633952829329e-003	3.494193e-001
6.095399577829328e-003	3.664282e-001
6.105165202829328e-003	3.803323e-001
6.108233633122337e-003	3.840839e-001
6.109941479232112e-003	3.859628e-001
6.111668755284215e-003	3.877621e-001
6.113323496016819e-003	3.894077e-001
6.114907357243724e-003	3.909129e-001
6.116371440894872e-003	3.922400e-001
6.118302293607870e-003	3.938944e-001
6.121237067365270e-003	3.962424e-001
6.124509144720331e-003	3.986380e-001
6.128817673560843e-003	4.014055e-001
6.136965945084200e-003	4.057846e-001
6.146731570084199e-003	4.099688e-001
6.156497195084199e-003	4.131503e-001
6.166262820084199e-003	4.155296e-001
6.176028445084199e-003	4.173073e-001
6.185794070084199e-003	4.186342e-001
6.195559695084198e-003	4.196233e-001
6.205325320084198e-003	4.203589e-001
6.215090945084198e-003	4.209044e-001
6.224856570084198e-003	4.213069e-001
6.234622195084198e-003	4.216016e-001
6.244387820084197e-003	4.218147e-001
6.254153445084197e-003	4.219659e-001
6.263919070084197e-003	4.220698e-001
6.273684695084197e-003	4.221370e-001
6.283450320084196e-003	4.221756e-001
6.293215945084196e-003	4.221915e-001
6.302981570084196e-003	4.221887e-001
6.322512820084196e-003	4.221367e-001
6.332278445084195e-003	4.220885e-001
6.342044070084195e-003	4.220231e-001
6.351809695084195e-003	4.219343e-001
6.361575320084195e-003	4.218170e-001
6.367387715679998e-003	4.217245e-001
6.373403501027396e-003	4.215996e-001
6.378372806424568e-003	4.214694e-001
6.381465275372711e-003	4.213655e-001
6.384404752743210e-003	4.212378e-001
6.387171508341011e-003	4.210786e-001
6.391483442148822e-003	4.207458e-001
6.396684665924227e-003	4.201939e-001
6.404590174711683e-003	4.190296e-001
6.414355799711683e-003	4.170870e-001
6.424121424711683e-003	4.145358e-001
6.433887049711683e-003	4.112750e-001
6.443652674711683e-003	4.071622e-001
6.453418299711682e-003	4.019189e-001
6.463183924711682e-003	3.949202e-001
6.472949549711682e-003	3.847500e-001
6.480968307365770e-003	3.720742e-001
6.484815770749125e-003	3.621988e-001
6.488624252084122e-003	3.478679e-001
6.490532349240900e-003	3.383833e-001
6.493139424018498e-003	3.225387e-001
6.495618417432198e-003	3.048503e-001
6.499887593621977e-003	2.690253e-001
6.505388435403813e-003	2.161512e-001
6.509309074308562e-003	1.741376e-001
6.512329555108060e-003	1.393932e-001
6.515349608383725e-003	1.037512e-001
6.518520819827551e-003	6.691326e-002
6.523033583163096e-003	1.716450e-002
6.527993953798605e-003	-3.268087e-002
6.535053424602495e-003	-9.427337e-002
6.544819049602495e-003	-1.652596e-001
6.554584674602495e-003	-2.221973e-001
6.564350299602495e-003	-2.667379e-001
6.574115924602495e-003	-3.015153e-001
6.583881549602494e-003	-3.286975e-001
6.593647174602494e-003	-3.500077e-001
6.603412799602494e-003	-3.672723e-001
6.607333666116626e-003	-3.732354e-001
6.607379613771089e-003	-3.732983e-001
6.607563404388939e-003	-3.735472e-001
6.607808458546072e-003	-3.738770e-001
6.608298566860338e-003	-3.745297e-001
6.609238276784630e-003	-3.757580e-001
6.610760509218001e-003	-3.776923e-001
6.612663245934491e-003	-3.800170e-001
6.615062646283413e-003	-3.828356e-001
6.615920562912010e-003	-3.838063e-001
6.616920485530442e-003	-3.848981e-001
6.618243314984565e-003	-3.862994e-001
6.619605098089533e-003	-3.876871e-001
6.621766374020936e-003	-3.897879e-001
6.624078764735202e-003	-3.919003e-001
6.628074333666896e-003	-3.952543e-001
6.633649656710214e-003	-3.994840e-001
6.639389574758165e-003	-4.033736e-001
6.644213546801721e-003	-4.063113e-001
6.647286814467820e-003	-4.080124e-001
6.650584079954126e-003	-4.096811e-001
6.654136019305377e-003	-4.113250e-001
6.657554024298191e-003	-4.127579e-001
6.661220935838376e-003	-4.141257e-001
6.666742622533550e-003	-4.158930e-001
6.675597309775798e-003	-4.182149e-001
6.685362934775798e-003	-4.202127e-001
6.695128559775798e-003	-4.217099e-001
6.704894184775797e-003	-4.228192e-001
6.714659809775797e-003	-4.236388e-001
6.724425434775797e-003	-4.242422e-001
6.734191059775797e-003	-4.246846e-001
6.743956684775797e-003	-4.250069e-001
6.753722309775796e-003	-4.252397e-001
6.763487934775796e-003	-4.254059e-001
6.773253559775796e-003	-4.255222e-001
6.783019184775796e-003	-4.256011e-001
6.792784809775796e-003	-4.256514e-001
6.802550434775795e-003	-4.256789e-001
6.812316059775795e-003	-4.256858e-001
6.822081684775795e-003	-4.256684e-001
6.831847309775795e-003	-4.256152e-001
6.838729687353582e-003	-4.255279e-001
6.845418548551085e-003	-4.253523e-001
6.852354882729200e-003	-4.250365e-001
6.858184253234173e-003	-4.246410e-001
6.863092596704621e-003	-4.242109e-001
6.865731249448280e-003	-4.239454e-001
6.868746099815115e-003	-4.236254e-001
6.870255076032471e-003	-4.234645e-001
6.871220195059782e-003	-4.233614e-001
6.872335860282822e-003	-4.232410e-001
6.873324058150684e-003	-4.231327e-001
6.874221858149309e-003	-4.230325e-001
6.875057624132906e-003	-4.229375e-001
6.875772272331018e-003	-4.228547e-001
6.876505335358209e-003	-4.227681e-001
6.877452972661680e-003	-4.226534e-001
6.878795738765279e-003	-4.224863e-001
6.879975342369928e-003	-4.223343e-001
6.881434192934659e-003	-4.221393e-001
6.882698632932777e-003	-4.219632e-001
6.886797908289828e-003	-4.213380e-001
6.891524787892483e-003	-4.204979e-001
6.900450158689024e-003	-4.186271e-001
6.910215783689024e-003	-4.161443e-001
6.919981408689024e-003	-4.130956e-001
6.929747033689024e-003	-4.093516e-001
6.939512658689024e-003	-4.047051e-001
6.949278283689023e-003	-3.987495e-001
6.959043908689023e-003	-3.905037e-001
6.968809533689023e-003	-3.785409e-001
6.974012368568704e-003	-3.688380e-001
6.977196079269565e-003	-3.594631e-001
6.981093616001371e-003	-3.436129e-001
6.982522290476613e-003	-3.361642e-001
6.985299788014081e-003	-3.186417e-001
6.988046233630873e-003	-2.984504e-001
6.992527482394335e-003	-2.595952e-001
6.998616722028465e-003	-1.992586e-001
7.002273177167676e-003	-1.591277e-001
7.005239809246147e-003	-1.245506e-001
7.008843583782820e-003	-8.223915e-002
7.012579593211029e-003	-4.008647e-002
7.018253589331324e-003	1.914776e-002
7.023834521259943e-003	7.049385e-002
7.033321214821208e-003	1.439043e-001
7.043086839821208e-003	2.054027e-001
7.052852464821208e-003	2.536923e-001
7.062618089821207e-003	2.914097e-001
7.072383714821207e-003	3.208812e-001
7.082149339821207e-003	3.439747e-001
7.091914964821207e-003	3.621413e-001
7.101680589821207e-003	3.768846e-001
7.105958309151892e-003	3.823708e-001
7.108355135316107e-003	3.851020e-001
7.110520755960866e-003	3.874126e-001
7.111741678265812e-003	3.886510e-001
7.113307352123831e-003	3.901705e-001
7.114619328540665e-003	3.913922e-001
7.116357399033870e-003	3.929385e-001
7.118113868648525e-003	3.944249e-001
7.120293394865460e-003	3.961609e-001
7.123060814973668e-003	3.982117e-001
7.126419161546273e-003	4.004605e-001
7.132436935931912e-003	4.039827e-001
7.139252277827255e-003	4.073214e-001
7.148311769561709e-003	4.108573e-001
7.158077394561709e-003	4.138059e-001
7.167843019561708e-003	4.160258e-001
7.177608644561708e-003	4.176841e-001
7.187374269561708e-003	4.189215e-001
7.197139894561708e-003	4.198435e-001
7.206905519561708e-003	4.205289e-001
7.216671144561707e-003	4.210367e-001
7.226436769561707e-003	4.214109e-001
7.236202394561707e-003	4.216842e-001
7.245968019561707e-003	4.218813e-001
7.255733644561706e-003	4.220203e-001
7.265499269561706e-003	4.221148e-001
7.275264894561706e-003	4.221750e-001
7.285030519561706e-003	4.222082e-001
7.294796144561706e-003	4.222198e-001
7.314327394561705e-003	4.221922e-001
7.324093019561705e-003	4.221565e-001
7.333858644561705e-003	4.221063e-001
7.343624269561705e-003	4.220386e-001
7.353389894561704e-003	4.219473e-001
7.363155519561704e-003	4.218276e-001
7.368216228440793e-003	4.217465e-001
7.373785239297983e-003	4.216300e-001
7.379468594573613e-003	4.214801e-001
7.382606365913341e-003	4.213728e-001
7.385537285805704e-003	4.212408e-001
7.388592287621520e-003	4.210583e-001
7.392749131958200e-003	4.207224e-001
7.398591790914484e-003	4.200750e-001
7.406236972492071e-003	4.189073e-001
7.416002597492071e-003	4.169015e-001
7.425768222492071e-003	4.142842e-001
7.435533847492071e-003	4.109456e-001
7.445299472492071e-003	4.067336e-001
7.455065097492070e-003	4.013494e-001
7.464830722492070e-003	3.941084e-001
7.474596347492070e-003	3.836661e-001
7.481693629310517e-003	3.722792e-001
7.485234285744177e-003	3.632197e-001
7.489015842802848e-003	3.492385e-001
7.490957724394624e-003	3.398157e-001
7.493330527028145e-003	3.257215e-001
7.495803250927152e-003	3.084402e-001
7.500049149301887e-003	2.736876e-001
7.504814573691218e-003	2.288721e-001
7.509162547844668e-003	1.830893e-001
7.512284344650122e-003	1.476300e-001
7.515170174929149e-003	1.136496e-001
7.518362142868326e-003	7.634199e-002
7.522901068690879e-003	2.564931e-002
7.527698326850132e-003	-2.351746e-002
7.534310095281225e-003	-8.272874e-002
7.543961096945781e-003	-1.551634e-001
7.553726721945780e-003	-2.142442e-001
7.563492346945780e-003	-2.605264e-001
7.573257971945780e-003	-2.966602e-001
7.583023596945780e-003	-3.248905e-001
7.592789221945779e-003	-3.470092e-001
7.602554846945779e-003	-3.648603e-001
7.607093104494602e-003	-3.719664e-001
7.607099752332808e-003	-3.719757e-001
7.607179526391283e-003	-3.720864e-001
7.607259300449759e-003	-3.721967e-001
7.607339074508234e-003	-3.723068e-001
7.607418848566710e-003	-3.724167e-001
7.607498622625186e-003	-3.725263e-001
7.607578396683661e-003	-3.726357e-001
7.607658170742136e-003	-3.727447e-001
7.608225452935739e-003	-3.735131e-001
7.609360017322945e-003	-3.750210e-001
7.610614969970290e-003	-3.766483e-001
7.611872658376647e-003	-3.782336e-001
7.613038470190117e-003	-3.796662e-001
7.613702082507743e-003	-3.804649e-001
7.614673207667883e-003	-3.816051e-001
7.615715296363492e-003	-3.828010e-001
7.616391076081334e-003	-3.835629e-001
7.617050438776328e-003	-3.842907e-001
7.618912483087170e-003	-3.862738e-001
7.620788601198713e-003	-3.881685e-001
7.622864565136255e-003	-3.901615e-001
7.625729409051080e-003	-3.927462e-001
7.628641593126865e-003	-3.951697e-001
7.634302926746891e-003	-3.994040e-001
7.641637542125007e-003	-4.042999e-001
7.646207629019105e-003	-4.070202e-001
7.649180577945405e-003	-4.086011e-001
7.653776079851787e-003	-4.108228e-001
7.656738308146683e-003	-4.121224e-001
7.660297197839863e-003	-4.135197e-001
7.664513180311499e-003	-4.149647e-001
7.672945145254769e-003	-4.173692e-001
7.682455381939417e-003	-4.195219e-001
7.692221006939417e-003	-4.211901e-001
7.701986631939417e-003	-4.224305e-001
7.711752256939417e-003	-4.233479e-001
7.721517881939416e-003	-4.240245e-001
7.731283506939416e-003	-4.245213e-001
7.741049131939416e-003	-4.248842e-001
7.750814756939416e-003	-4.251473e-001
7.760580381939415e-003	-4.253359e-001
7.770346006939415e-003	-4.254691e-001
7.780111631939415e-003	-4.255606e-001
7.789877256939415e-003	-4.256204e-001
7.799642881939415e-003	-4.256553e-001
7.809408506939414e-003	-4.256686e-001
7.819174131939414e-003	-4.256586e-001
7.828939756939414e-003	-4.256156e-001
7.836518051637178e-003	-4.255358e-001
7.842947560253466e-003	-4.253911e-001
7.849900978815645e-003	-4.251102e-001
7.855866710299574e-003	-4.247347e-001
7.861946831344878e-003	-4.242247e-001
7.864664155690676e-003	-4.239566e-001
7.868236550844053e-003	-4.235790e-001
7.869552597401486e-003	-4.234390e-001
7.870549742900242e-003	-4.233326e-001
7.871649340931340e-003	-4.232141e-001
7.872640899456593e-003	-4.231055e-001
7.873577743885554e-003	-4.230011e-001
7.874392434739478e-003	-4.229085e-001
7.875154342119814e-003	-4.228202e-001
7.875938565603299e-003	-4.227275e-001
7.876926128048717e-003	-4.226078e-001
7.878211417869633e-003	-4.224475e-001
7.879418843383347e-003	-4.222917e-001
7.880846428078655e-003	-4.221005e-001
7.882152297026416e-003	-4.219184e-001
7.886509097691482e-003	-4.212480e-001
7.891744033792513e-003	-4.202996e-001
7.901509658792513e-003	-4.181975e-001
7.911275283792513e-003	-4.156359e-001
7.921040908792512e-003	-4.124834e-001
7.930806533792512e-003	-4.086098e-001
7.940572158792512e-003	-4.037864e-001
7.950337783792512e-003	-3.975537e-001
7.960103408792512e-003	-3.887274e-001
7.969869033792511e-003	-3.757538e-001
7.974331020627525e-003	-3.666232e-001
7.977289830369992e-003	-3.572075e-001
7.980984106942087e-003	-3.411540e-001
7.982904539069571e-003	-3.306436e-001
7.985322944348483e-003	-3.147152e-001
7.988529154939311e-003	-2.901236e-001
7.993143234090826e-003	-2.484455e-001
8.000344188062216e-003	-1.741761e-001
8.003890678138770e-003	-1.341145e-001
8.007217252911029e-003	-9.498524e-002
8.010700811536103e-003	-5.494896e-002
8.015496429789061e-003	-3.132567e-003
8.020589557644490e-003	4.642056e-002
8.028567402985413e-003	1.131027e-001
8.038333027985413e-003	1.805460e-001
8.048098652985412e-003	2.342177e-001
8.057864277985412e-003	2.761922e-001
8.067629902985412e-003	3.089882e-001
8.077395527985412e-003	3.346536e-001
8.087161152985412e-003	3.548070e-001
8.096926777985411e-003	3.706959e-001
8.106692402985411e-003	3.837194e-001
8.109263825534044e-003	3.866467e-001
8.111987154378282e-003	3.894223e-001
8.113184095520001e-003	3.905734e-001
8.114956958937544e-003	3.921938e-001
8.116349630001194e-003	3.934134e-001
8.117962311950661e-003	3.947608e-001
8.121592604802544e-003	3.975692e-001
8.124256039431541e-003	3.994489e-001
8.126829798059282e-003	4.011274e-001
8.130697186276447e-003	4.034260e-001
8.134407028182047e-003	4.053906e-001
8.140410608486727e-003	4.081420e-001
8.146881180870237e-003	4.106111e-001
8.156646805870237e-003	4.135704e-001
8.166412430870237e-003	4.158533e-001
8.176178055870237e-003	4.175588e-001
8.185943680870236e-003	4.188316e-001
8.195709305870236e-003	4.197802e-001
8.205474930870236e-003	4.204856e-001
8.215240555870236e-003	4.210084e-001
8.225006180870235e-003	4.213939e-001
8.234771805870235e-003	4.216758e-001
8.244537430870235e-003	4.218795e-001
8.254303055870235e-003	4.220236e-001
8.264068680870235e-003	4.221221e-001
8.273834305870234e-003	4.221855e-001
8.283599930870234e-003	4.222213e-001
8.293365555870234e-003	4.222351e-001
8.312896805870234e-003	4.222114e-001
8.322662430870233e-003	4.221778e-001
8.332428055870233e-003	4.221300e-001
8.342193680870233e-003	4.220659e-001
8.351959305870233e-003	4.219821e-001
8.358915810879476e-003	4.219042e-001
8.365811935005834e-003	4.218068e-001
8.370087753168040e-003	4.217328e-001
8.374204321963072e-003	4.216478e-001
8.377268364387713e-003	4.215738e-001
8.380289684678549e-003	4.214889e-001
8.382286400817842e-003	4.214234e-001
8.384147572436489e-003	4.213515e-001
8.385941507382432e-003	4.212661e-001
8.389276606931305e-003	4.210658e-001
8.392880817280003e-003	4.207719e-001
8.400005821779312e-003	4.199750e-001
8.406848602291602e-003	4.189220e-001
8.416614227291602e-003	4.168960e-001
8.426379852291601e-003	4.142686e-001
8.436145477291601e-003	4.109175e-001
8.445911102291601e-003	4.066888e-001
8.455676727291601e-003	4.012810e-001
8.465442352291601e-003	3.939990e-001
8.475207977291600e-003	3.835033e-001
8.482183599457066e-003	3.723198e-001
8.485544673282443e-003	3.637885e-001
8.489276955695641e-003	3.501644e-001
8.491254873002452e-003	3.407131e-001
8.493551488788635e-003	3.272656e-001
8.495984701884727e-003	3.104516e-001
8.500303345171576e-003	2.753988e-001
8.505149031822774e-003	2.300733e-001
8.509518745472235e-003	1.841910e-001
8.512667777168217e-003	1.484692e-001
8.515538356877347e-003	1.146795e-001
8.518732453269192e-003	7.733525e-002
8.523347665795197e-003	2.576617e-002
8.528171682996672e-003	-2.369385e-002
8.534751446759099e-003	-8.263070e-002
8.544379907999054e-003	-1.549212e-001
8.554145532999054e-003	-2.140435e-001
8.563911157999054e-003	-2.603660e-001
8.573676782999053e-003	-2.965305e-001
8.583442407999053e-003	-3.247839e-001
8.593208032999053e-003	-3.469197e-001
8.602973657999053e-003	-3.648635e-001
8.606656973202665e-003	-3.706057e-001
8.609376225076224e-003	-3.744256e-001
8.609461201697272e-003	-3.745402e-001
8.609631154939370e-003	-3.747649e-001
8.609971061423565e-003	-3.752111e-001
8.610650874391954e-003	-3.760910e-001
8.611884523012720e-003	-3.776561e-001
8.613054730839252e-003	-3.791083e-001
8.613730995869325e-003	-3.799291e-001
8.614456767302464e-003	-3.807939e-001
8.615553338583010e-003	-3.820721e-001
8.616332249778485e-003	-3.829600e-001
8.616942125973980e-003	-3.836446e-001
8.617530951603735e-003	-3.842938e-001
8.618346933447849e-003	-3.851762e-001
8.619243583722906e-003	-3.861212e-001
8.620818048652088e-003	-3.877240e-001
8.622739063207508e-003	-3.895923e-001
8.625310226262986e-003	-3.919539e-001
8.628102370745421e-003	-3.943263e-001
8.633686659710291e-003	-3.986251e-001
8.639753402957072e-003	-4.027949e-001
8.645650178467889e-003	-4.064040e-001
8.648876598319914e-003	-4.081833e-001
8.652180523498780e-003	-4.098362e-001
8.655855371048044e-003	-4.115114e-001
8.659590156138619e-003	-4.130504e-001
8.663084397132887e-003	-4.143240e-001
8.669236287257591e-003	-4.162358e-001
8.678141010834056e-003	-4.184949e-001
8.687906635834056e-003	-4.204160e-001
8.697672260834056e-003	-4.218547e-001
8.707437885834056e-003	-4.229204e-001
8.717203510834055e-003	-4.237075e-001
8.726969135834055e-003	-4.242868e-001
8.736734760834055e-003	-4.247112e-001
8.746500385834055e-003	-4.250201e-001
8.756266010834055e-003	-4.252430e-001
8.766031635834054e-003	-4.254016e-001
8.775797260834054e-003	-4.255122e-001
8.785562885834054e-003	-4.255865e-001
8.795328510834054e-003	-4.256328e-001
8.805094135834054e-003	-4.256560e-001
8.814859760834053e-003	-4.256569e-001
8.824625385834053e-003	-4.256269e-001
8.834391010834053e-003	-4.255452e-001
8.841027854206625e-003	-4.254152e-001
8.848508536740549e-003	-4.251370e-001
8.854566963993798e-003	-4.247728e-001
8.861161353027041e-003	-4.242342e-001
8.863618125386439e-003	-4.239956e-001
8.866407183864306e-003	-4.237019e-001
8.868217054073382e-003	-4.235095e-001
8.869269512386362e-003	-4.233977e-001
8.870264268812447e-003	-4.232917e-001
8.871238931009101e-003	-4.231867e-001
8.872258644826506e-003	-4.230749e-001
8.873347837970112e-003	-4.229533e-001
8.874081387975290e-003	-4.228697e-001
8.875018513839773e-003	-4.227605e-001
8.875946211451366e-003	-4.226499e-001
8.876930457539482e-003	-4.225294e-001
8.878235956409053e-003	-4.223642e-001
8.879839504779415e-003	-4.221530e-001
8.881582518024666e-003	-4.219128e-001
8.885269215149370e-003	-4.213586e-001
8.889259297104208e-003	-4.206751e-001
8.896001503549484e-003	-4.193372e-001
8.905767128549484e-003	-4.170154e-001
8.915532753549484e-003	-4.141855e-001
8.925298378549483e-003	-4.107121e-001
8.935064003549483e-003	-4.064266e-001
8.944829628549483e-003	-4.010207e-001
8.954595253549483e-003	-3.938151e-001
8.964360878549483e-003	-3.834405e-001
8.971694976956934e-003	-3.718054e-001
8.975151268846295e-003	-3.631072e-001
8.978846562102032e-003	-3.496799e-001
8.980852095349596e-003	-3.401247e-001
8.983212028969812e-003	-3.263368e-001
8.985691577080238e-003	-3.092826e-001
8.989708958209330e-003	-2.767672e-001
8.994956469026046e-003	-2.277724e-001
8.999309966672238e-003	-1.821359e-001
9.002456744043095e-003	-1.464283e-001
9.005353180178513e-003	-1.123628e-001
9.008549149932403e-003	-7.506141e-002
9.013047423236158e-003	-2.490331e-002
9.017833502171693e-003	2.406715e-002
9.024474200716634e-003	8.343638e-002
9.034159667298845e-003	1.559966e-001
9.043925292298844e-003	2.149610e-001
9.053690917298844e-003	2.611579e-001
9.063456542298844e-003	2.972435e-001
9.073222167298844e-003	3.254542e-001
9.082987792298844e-003	3.475752e-001
9.092753417298843e-003	3.649917e-001
9.102519042298843e-003	3.791954e-001
9.105995722763095e-003	3.835269e-001
9.107739543071942e-003	3.854778e-001
9.109456754139787e-003	3.872957e-001
9.110848098548018e-003	3.887045e-001
9.112424677146333e-003	3.902316e-001
9.114047899738782e-003	3.917306e-001
9.116189624964022e-003	3.936020e-001
9.118610357852218e-003	3.955838e-001
9.121524411095235e-003	3.977706e-001
9.126285512498731e-003	4.009739e-001
9.131490731867991e-003	4.039805e-001
9.140407932120030e-003	4.081866e-001
9.150083347705881e-003	4.117767e-001
9.159848972705881e-003	4.145122e-001
9.169614597705881e-003	4.165587e-001
9.179380222705881e-003	4.180869e-001
9.189145847705880e-003	4.192271e-001
9.198911472705880e-003	4.200761e-001
9.208677097705880e-003	4.207069e-001
9.218442722705880e-003	4.211737e-001
9.228208347705880e-003	4.215170e-001
9.237973972705879e-003	4.217671e-001
9.247739597705879e-003	4.219467e-001
9.257505222705879e-003	4.220724e-001
9.267270847705879e-003	4.221569e-001
9.277036472705879e-003	4.222094e-001
9.286802097705878e-003	4.222367e-001
9.296567722705878e-003	4.222437e-001
9.316098972705878e-003	4.222094e-001
9.325864597705878e-003	4.221712e-001
9.335630222705877e-003	4.221187e-001
9.345395847705877e-003	4.220487e-001
9.355161472705877e-003	4.219577e-001
9.361397459780194e-003	4.218825e-001
9.367528932367640e-003	4.217902e-001
9.371513942689291e-003	4.217174e-001
9.375530128080113e-003	4.216300e-001
9.378554147546736e-003	4.215532e-001
9.381195469790006e-003	4.214756e-001
9.383049219963113e-003	4.214124e-001
9.384892572680222e-003	4.213376e-001
9.387079136692818e-003	4.212286e-001
9.390232517029843e-003	4.210267e-001
9.394649203061153e-003	4.206462e-001
9.401015765817495e-003	4.198897e-001
9.409212648227729e-003	4.185505e-001
9.418978273227728e-003	4.164158e-001
9.428743898227728e-003	4.136461e-001
9.438509523227728e-003	4.101273e-001
9.448275148227728e-003	4.056829e-001
9.458040773227728e-003	3.999509e-001
9.467806398227727e-003	3.920667e-001
9.477572023227727e-003	3.805722e-001
9.483588440727124e-003	3.696710e-001
9.487118421781798e-003	3.593791e-001
9.491031566439181e-003	3.432341e-001
9.492691196278902e-003	3.344123e-001
9.495260286547725e-003	3.178989e-001
9.498124459684921e-003	2.964565e-001
9.502673367889391e-003	2.560151e-001
9.510320645576845e-003	1.779907e-001
9.513959800379614e-003	1.370707e-001
9.517258710879700e-003	9.822711e-002
9.520744296526423e-003	5.800948e-002
9.525438822524825e-003	7.012099e-003
9.530653569510194e-003	-4.408149e-002
9.538443205011167e-003	-1.097367e-001
9.548208830011166e-003	-1.777734e-001
9.557974455011166e-003	-2.319846e-001
9.567740080011166e-003	-2.743652e-001
9.577505705011166e-003	-3.074583e-001
9.587271330011166e-003	-3.333353e-001
9.597036955011165e-003	-3.536345e-001
9.606802580011165e-003	-3.704435e-001
9.606803474080838e-003	-3.704448e-001
9.607152076103281e-003	-3.709376e-001
9.607500678125725e-003	-3.714263e-001
9.607849280148169e-003	-3.719110e-001
9.608197882170612e-003	-3.723917e-001
9.608546484193055e-003	-3.728683e-001
9.608895086215499e-003	-3.733408e-001
9.609243688237942e-003	-3.738093e-001
9.610352546907498e-003	-3.752796e-001
9.611652918137781e-003	-3.769567e-001
9.612743707241283e-003	-3.783255e-001
9.613904109774186e-003	-3.797460e-001
9.614558569650142e-003	-3.805317e-001
9.615504796628803e-003	-3.816404e-001
9.616511734616945e-003	-3.827940e-001
9.617186834231524e-003	-3.835540e-001
9.617906594459963e-003	-3.843479e-001
9.618703047710144e-003	-3.852087e-001
9.619603019690988e-003	-3.861545e-001
9.621402963652674e-003	-3.879700e-001
9.624145706538462e-003	-3.905866e-001
9.627262366260183e-003	-3.933605e-001
9.630543477022807e-003	-3.960291e-001
9.636486677659447e-003	-4.003509e-001
9.643980105358449e-003	-4.052057e-001
9.648075141996946e-003	-4.075708e-001
9.651094150490645e-003	-4.091323e-001
9.655307393065383e-003	-4.111267e-001
9.657786587348328e-003	-4.121956e-001
9.661554251136746e-003	-4.136544e-001
9.665960936903081e-003	-4.151458e-001
9.674320773654106e-003	-4.174904e-001
9.684086398654106e-003	-4.196579e-001
9.693852023654106e-003	-4.212915e-001
9.703617648654106e-003	-4.225029e-001
9.713383273654105e-003	-4.233989e-001
9.723148898654105e-003	-4.240593e-001
9.732914523654105e-003	-4.245442e-001
9.742680148654105e-003	-4.248982e-001
9.752445773654105e-003	-4.251547e-001
9.762211398654104e-003	-4.253384e-001
9.771977023654104e-003	-4.254678e-001
9.781742648654104e-003	-4.255562e-001
9.791508273654104e-003	-4.256135e-001
9.801273898654104e-003	-4.256458e-001
9.811039523654103e-003	-4.256557e-001
9.820805148654103e-003	-4.256391e-001
9.830570773654103e-003	-4.255837e-001
9.837383462798617e-003	-4.254906e-001
9.844410733192215e-003	-4.252916e-001
9.851569598625255e-003	-4.249421e-001
9.857710282943258e-003	-4.245054e-001
9.861718418044235e-003	-4.241443e-001
9.864434421258370e-003	-4.238680e-001
9.867110974786750e-003	-4.235848e-001
9.868396778012942e-003	-4.234483e-001
9.869446203861576e-003	-4.233368e-001
9.870677058723715e-003	-4.232049e-001
9.872523521568392e-003	-4.230022e-001
9.873323190952021e-003	-4.229121e-001
9.873991738909254e-003	-4.228354e-001
9.874699397847258e-003	-4.227526e-001
9.875810772587000e-003	-4.226197e-001
9.876852909155194e-003	-4.224916e-001
9.878095114624222e-003	-4.223336e-001
9.879619526373418e-003	-4.221325e-001
9.881005504965033e-003	-4.219418e-001
9.882738361407120e-003	-4.216917e-001
9.884793037831940e-003	-4.213749e-001
9.888902390681582e-003	-4.206696e-001
9.896414921471508e-003	-4.191676e-001
9.906180546471508e-003	-4.168188e-001
9.915946171471507e-003	-4.139481e-001
9.925711796471507e-003	-4.104255e-001
9.935477421471507e-003	-4.060757e-001
9.945243046471507e-003	-4.005762e-001
9.955008671471506e-003	-3.932035e-001
9.964774296471506e-003	-3.826354e-001
9.971496352647814e-003	-3.717786e-001
9.974939967376627e-003	-3.629642e-001
9.978776689959905e-003	-3.488581e-001
9.980738998485539e-003	-3.393956e-001
9.983133600205000e-003	-3.252376e-001
9.985631043933923e-003	-3.078643e-001
9.989815475053088e-003	-2.736787e-001
9.994894880873644e-003	-2.256774e-001
1.000000000000000e-002	-1.723054e-001
