time	V(vin)
0.000000000000000e+000	0.000000e+000
5.719394194538071e-008	3.593603e-005
1.143878838907614e-007	7.187203e-005
1.715818258361421e-007	1.078080e-004
2.287757677815229e-007	1.437440e-004
2.859697097269036e-007	1.796800e-004
3.431636516722843e-007	2.156159e-004
4.003575936176649e-007	2.515518e-004
4.954620598047911e-007	3.113075e-004
5.973714463071442e-007	3.753387e-004
7.224165797462920e-007	4.539062e-004
8.778550440771314e-007	5.515698e-004
1.074732815681592e-006	6.752694e-004
1.322840660691893e-006	8.311557e-004
1.639923691866604e-006	1.030376e-003
2.045482394260043e-006	1.285179e-003
2.570214584318048e-006	1.614843e-003
3.251821643406916e-006	2.043038e-003
4.147131555725097e-006	2.605425e-003
5.332885929095437e-006	3.350124e-003
6.927691734395883e-006	4.351423e-003
9.114753089710704e-006	5.723838e-003
1.222114543223829e-005	7.671228e-003
1.692671829266652e-005	1.061533e-002
2.137289141283297e-005	1.338866e-002
2.471491616487664e-005	1.546650e-002
2.842694842294711e-005	1.776636e-002
3.405052098116296e-005	2.123173e-002
3.925755206406282e-005	2.441688e-002
4.704057278073567e-005	2.912801e-002
5.680619778073567e-005	3.493936e-002
6.657182278073567e-005	4.061922e-002
7.633744778073567e-005	4.614619e-002
8.610307278073566e-005	5.149948e-002
9.586869778073566e-005	5.665893e-002
1.056343227807357e-004	6.160514e-002
1.153999477807357e-004	6.631947e-002
1.251655727807357e-004	7.078420e-002
1.294694552255854e-004	7.266826e-002
1.315578234695035e-004	7.356340e-002
1.336258370369936e-004	7.443734e-002
1.349079500550898e-004	7.497285e-002
1.366024467760911e-004	7.567313e-002
1.380130635964481e-004	7.624956e-002
1.397985538553700e-004	7.697058e-002
1.421024542620376e-004	7.788662e-002
1.449268084756733e-004	7.898731e-002
1.485962080455740e-004	8.038012e-002
1.534265637244180e-004	8.214834e-002
1.604180331189921e-004	8.457324e-002
1.685094714580247e-004	8.717566e-002
1.782750964580247e-004	9.001595e-002
1.877795222439833e-004	9.245502e-002
1.975451472439833e-004	9.461772e-002
2.073107722439833e-004	9.642430e-002
2.170763972439833e-004	9.786796e-002
2.268420222439833e-004	9.894327e-002
2.366076472439833e-004	9.964617e-002
2.463732722439833e-004	9.997404e-002
2.561388972439833e-004	9.992562e-002
2.659045222439833e-004	9.950110e-002
2.756701472439833e-004	9.870209e-002
2.854357722439833e-004	9.753158e-002
2.952013972439834e-004	9.599399e-002
3.049670222439834e-004	9.409510e-002
3.147326472439834e-004	9.184205e-002
3.244982722439834e-004	8.924333e-002
3.342638972439834e-004	8.630872e-002
3.403608509722115e-004	8.431109e-002
3.463500445135933e-004	8.222830e-002
3.504549783696813e-004	8.073334e-002
3.547535064994310e-004	7.911033e-002
3.577751838381139e-004	7.793482e-002
3.600081418144781e-004	7.704806e-002
3.620591735316720e-004	7.622019e-002
3.640795098441935e-004	7.539233e-002
3.678227365071622e-004	7.382648e-002
3.717087938928849e-004	7.215770e-002
3.787064180689194e-004	6.904493e-002
3.866934725467782e-004	6.532931e-002
3.964590975467782e-004	6.056374e-002
4.062247225467782e-004	5.557023e-002
4.159903475467782e-004	5.036756e-002
4.257559725467782e-004	4.497532e-002
4.355215975467783e-004	3.941380e-002
4.452872225467783e-004	3.370394e-002
4.550528475467783e-004	2.786722e-002
4.648184725467783e-004	2.192562e-002
4.685144769196897e-004	1.965415e-002
4.726820638551374e-004	1.708021e-002
4.745272596729858e-004	1.593675e-002
4.771466018661989e-004	1.430992e-002
4.798005572674134e-004	1.265764e-002
4.846728344854324e-004	9.615463e-003
4.910088798936139e-004	5.646283e-003
4.946855584552970e-004	3.338542e-003
4.976876727268547e-004	1.452827e-003
5.012363831208106e-004	-7.768346e-004
5.053357932668806e-004	-3.351950e-003
5.105280775212856e-004	-6.610163e-003
5.165871838398038e-004	-1.040318e-002
5.261931367318326e-004	-1.638344e-002
5.359587617318326e-004	-2.240182e-002
5.457243867318326e-004	-2.833589e-002
5.554900117318326e-004	-3.416331e-002
5.652556367318326e-004	-3.986215e-002
5.750212617318326e-004	-4.541095e-002
5.847868867318326e-004	-5.078884e-002
5.887495413207808e-004	-5.291766e-002
5.891210401884947e-004	-5.311557e-002
5.896163720121132e-004	-5.337901e-002
5.906070356593503e-004	-5.390432e-002
5.916856436750046e-004	-5.447390e-002
5.929714531417360e-004	-5.514963e-002
5.939802127390878e-004	-5.567724e-002
5.946702041998778e-004	-5.603683e-002
5.952844085775510e-004	-5.635605e-002
5.960866956515505e-004	-5.677175e-002
5.969609713249259e-004	-5.722310e-002
5.975803760026694e-004	-5.754184e-002
5.982798139715323e-004	-5.790070e-002
5.990003945623301e-004	-5.826925e-002
5.998350370454169e-004	-5.869464e-002
6.015043220115907e-004	-5.954057e-002
6.039969398477091e-004	-6.079150e-002
6.068389371549311e-004	-6.219957e-002
6.100501523847127e-004	-6.376667e-002
6.151920368469946e-004	-6.622165e-002
6.225826767340601e-004	-6.962857e-002
6.256838075324600e-004	-7.101383e-002
6.283906828420615e-004	-7.220096e-002
6.317023911893287e-004	-7.362490e-002
6.343881683315313e-004	-7.475633e-002
6.374191116129297e-004	-7.600758e-002
6.424153102586599e-004	-7.800976e-002
6.486035768674965e-004	-8.038287e-002
6.583692018674965e-004	-8.387933e-002
6.681348268674965e-004	-8.706009e-002
6.779004518674965e-004	-8.991317e-002
6.876660768674965e-004	-9.242783e-002
6.974317018674965e-004	-9.459463e-002
7.071973268674965e-004	-9.640539e-002
7.169629518674965e-004	-9.785330e-002
7.267285768674965e-004	-9.893291e-002
7.364942018674965e-004	-9.964016e-002
7.462598268674966e-004	-9.997239e-002
7.560254518674966e-004	-9.992834e-002
7.657910768674966e-004	-9.950819e-002
7.755567018674966e-004	-9.871351e-002
7.853223268674966e-004	-9.754730e-002
7.950879518674966e-004	-9.601393e-002
8.146192018674966e-004	-9.187023e-002
8.243848268674966e-004	-8.927546e-002
8.341504518674966e-004	-8.634470e-002
8.439160768674966e-004	-8.308894e-002
8.536817018674967e-004	-7.952046e-002
8.596409276220666e-004	-7.719494e-002
8.660047826358335e-004	-7.459211e-002
8.724694589022763e-004	-7.182598e-002
8.780892987574539e-004	-6.932490e-002
8.813289436187227e-004	-6.784365e-002
8.834773079179599e-004	-6.684580e-002
8.859020261574752e-004	-6.570499e-002
8.869945449000547e-004	-6.518597e-002
8.878525154490266e-004	-6.477622e-002
8.888812729207037e-004	-6.428242e-002
8.904128211365519e-004	-6.354233e-002
8.912625146622112e-004	-6.312918e-002
8.918924369394312e-004	-6.282173e-002
8.925768581298624e-004	-6.248657e-002
8.934898662137725e-004	-6.203767e-002
8.944592240552367e-004	-6.155883e-002
8.956267450045461e-004	-6.097907e-002
8.970745627848135e-004	-6.025557e-002
8.984201302465061e-004	-5.957869e-002
9.000063535745644e-004	-5.877529e-002
9.018990655081492e-004	-5.780903e-002
9.056844893753187e-004	-5.585211e-002
9.125814268413448e-004	-5.220623e-002
9.223470518413448e-004	-4.687789e-002
9.321126768413448e-004	-4.137312e-002
9.418783018413448e-004	-3.571262e-002
9.516439268413448e-004	-2.991771e-002
9.614095518413449e-004	-2.401020e-002
9.711751768413449e-004	-1.801232e-002
9.809408018413449e-004	-1.194665e-002
9.865684741038466e-004	-8.429263e-003
9.898212655244313e-004	-6.391129e-003
9.939944288912641e-004	-3.772516e-003
9.958087299739790e-004	-2.633148e-003
9.984266437524402e-004	-9.885528e-004
1.000862925021737e-003	5.421891e-004
1.005388296454185e-003	3.384920e-003
1.010904073804293e-003	6.845873e-003
1.014735881756082e-003	9.245604e-003
1.017732387562390e-003	1.111855e-002
1.020832168366409e-003	1.305189e-002
1.024035966399876e-003	1.504490e-002
1.028667185171552e-003	1.791489e-002
1.033720300485785e-003	2.102893e-002
1.041177671303011e-003	2.558501e-002
1.050943296303011e-003	3.146483e-002
1.060708921303011e-003	3.722624e-002
1.070474546303011e-003	4.284753e-002
1.080240171303011e-003	4.830755e-002
1.090005796303011e-003	5.358575e-002
1.099771421303011e-003	5.866227e-002
1.109537046303011e-003	6.351800e-002
1.119302671303011e-003	6.813466e-002
1.123053602951528e-003	6.984065e-002
1.124870324408527e-003	7.065304e-002
1.126872114867197e-003	7.153752e-002
1.128676849867005e-003	7.232524e-002
1.130447528478220e-003	7.308906e-002
1.132135927328616e-003	7.380896e-002
1.134415372972716e-003	7.476768e-002
1.137969003834183e-003	7.623165e-002
1.141979521987316e-003	7.783815e-002
1.146702077305683e-003	7.966644e-002
1.153164905657812e-003	8.205448e-002
1.161670224258062e-003	8.499045e-002
1.171290901058241e-003	8.801853e-002
1.181056526058241e-003	9.076336e-002
1.190822151058241e-003	9.316657e-002
1.200587776058241e-003	9.521913e-002
1.210353401058241e-003	9.691330e-002
1.220119026058241e-003	9.824271e-002
1.229884651058241e-003	9.920236e-002
1.239650276058241e-003	9.978864e-002
1.249415901058241e-003	9.999932e-002
1.259181526058241e-003	9.983364e-002
1.268947151058241e-003	9.929221e-002
1.278712776058241e-003	9.837706e-002
1.288478401058241e-003	9.709165e-002
1.298244026058241e-003	9.544080e-002
1.308009651058241e-003	9.343074e-002
1.317775276058241e-003	9.106901e-002
1.327540901058241e-003	8.836453e-002
1.337306526058241e-003	8.532747e-002
1.343531705856131e-003	8.322308e-002
1.350112793013571e-003	8.086003e-002
1.354494227998761e-003	7.920987e-002
1.358940209536322e-003	7.747407e-002
1.362259209828977e-003	7.613876e-002
1.365094492295459e-003	7.497183e-002
1.367335460465129e-003	7.403265e-002
1.369386296192616e-003	7.316028e-002
1.371398942236843e-003	7.229235e-002
1.374899793792572e-003	7.075518e-002
1.379174867578308e-003	6.883172e-002
1.385928737912209e-003	6.569234e-002
1.394034018878876e-003	6.176915e-002
1.403799643878876e-003	5.683052e-002
1.413565268878876e-003	5.167799e-002
1.423330893878876e-003	4.633096e-002
1.433096518878876e-003	4.080955e-002
1.442862143878876e-003	3.513454e-002
1.452627768878876e-003	2.932729e-002
1.462393393878876e-003	2.340966e-002
1.470034664376511e-003	1.871674e-002
1.473795539365721e-003	1.639046e-002
1.477676427083212e-003	1.398037e-002
1.479608062614204e-003	1.277761e-002
1.482254615693623e-003	1.112667e-002
1.484737114378095e-003	9.575262e-003
1.489108993943374e-003	6.837681e-003
1.494483356704410e-003	3.465515e-003
1.498425923588260e-003	9.890052e-004
1.501447202394636e-003	-9.092916e-004
1.504434573763793e-003	-2.785964e-003
1.507592577530632e-003	-4.768748e-003
1.512083206379295e-003	-7.584811e-003
1.517034773935142e-003	-1.068284e-002
1.523932666780719e-003	-1.498073e-002
1.533698291780719e-003	-2.101541e-002
1.543463916780719e-003	-2.697100e-002
1.553229541780719e-003	-3.282507e-002
1.562995166780719e-003	-3.855560e-002
1.572760791780719e-003	-4.414101e-002
1.582526416780719e-003	-4.956028e-002
1.592292041780719e-003	-5.479303e-002
1.595886667944946e-003	-5.666824e-002
1.595891933510616e-003	-5.667096e-002
1.596019310051592e-003	-5.673689e-002
1.596146686592567e-003	-5.680277e-002
1.596274063133543e-003	-5.686862e-002
1.596401439674519e-003	-5.693444e-002
1.596528816215494e-003	-5.700021e-002
1.596656192756470e-003	-5.706595e-002
1.596783569297446e-003	-5.713166e-002
1.597682225838502e-003	-5.759416e-002
1.598821334161224e-003	-5.817778e-002
1.599916984652018e-003	-5.873632e-002
1.600628908810023e-003	-5.909775e-002
1.601275250372123e-003	-5.942487e-002
1.601908943306883e-003	-5.974463e-002
1.602502166706655e-003	-6.004311e-002
1.603092006405044e-003	-6.033906e-002
1.603777954858126e-003	-6.068220e-002
1.604442704213258e-003	-6.101365e-002
1.606384015586825e-003	-6.197550e-002
1.608311913462650e-003	-6.292158e-002
1.610470049297641e-003	-6.396969e-002
1.614253420104741e-003	-6.577859e-002
1.617809285403963e-003	-6.744485e-002
1.623431616619310e-003	-7.001044e-002
1.630082959457837e-003	-7.293253e-002
1.633076933498072e-003	-7.420659e-002
1.636197446439150e-003	-7.550654e-002
1.639163671431178e-003	-7.671531e-002
1.642346980485918e-003	-7.798289e-002
1.645587411234826e-003	-7.924117e-002
1.651536562434863e-003	-8.146540e-002
1.658256853968149e-003	-8.384088e-002
1.668022478968149e-003	-8.702534e-002
1.677788103968149e-003	-8.988225e-002
1.687553728968149e-003	-9.240086e-002
1.697319353968149e-003	-9.457171e-002
1.707084978968149e-003	-9.638660e-002
1.716850603968149e-003	-9.783872e-002
1.726616228968149e-003	-9.892260e-002
1.736381853968149e-003	-9.963416e-002
1.746147478968149e-003	-9.997071e-002
1.755913103968149e-003	-9.993099e-002
1.765678728968149e-003	-9.951515e-002
1.775444353968149e-003	-9.872478e-002
1.785209978968149e-003	-9.756281e-002
1.794975603968149e-003	-9.603365e-002
1.814506853968149e-003	-9.189808e-002
1.824272478968149e-003	-8.930725e-002
1.834038103968149e-003	-8.638028e-002
1.843803728968149e-003	-8.312820e-002
1.850860070848281e-003	-8.058288e-002
1.856673300636952e-003	-7.836676e-002
1.863089267778776e-003	-7.579962e-002
1.868442495290777e-003	-7.356326e-002
1.869300552533020e-003	-7.319690e-002
1.870158609775262e-003	-7.282846e-002
1.871016667017505e-003	-7.245794e-002
1.871874724259748e-003	-7.208535e-002
1.872732781501991e-003	-7.171068e-002
1.873590838744233e-003	-7.133393e-002
1.874448895986476e-003	-7.095511e-002
1.874557911585362e-003	-7.090682e-002
1.874775942783135e-003	-7.081015e-002
1.876084129969768e-003	-7.022738e-002
1.877828379551945e-003	-6.944297e-002
1.879843073638795e-003	-6.852655e-002
1.881830940276962e-003	-6.761158e-002
1.882779124307271e-003	-6.717143e-002
1.883885607352760e-003	-6.665479e-002
1.884904450306564e-003	-6.617621e-002
1.885883375215038e-003	-6.571383e-002
1.886526936995389e-003	-6.540850e-002
1.887261739191255e-003	-6.505857e-002
1.888163231172686e-003	-6.462736e-002
1.889163450321221e-003	-6.414651e-002
1.890383077783062e-003	-6.355675e-002
1.891913121247971e-003	-6.281162e-002
1.893376274742213e-003	-6.209363e-002
1.896919329095216e-003	-6.033339e-002
1.900756129419307e-003	-5.839351e-002
1.907624617365061e-003	-5.483682e-002
1.917390242365061e-003	-4.960576e-002
1.927155867365061e-003	-4.418799e-002
1.936921492365061e-003	-3.860391e-002
1.946687117365061e-003	-3.287453e-002
1.956452742365061e-003	-2.702142e-002
1.966218367365060e-003	-2.106661e-002
1.975983992365060e-003	-1.503250e-002
1.981893474559786e-003	-1.135214e-002
1.985162177766189e-003	-9.309379e-003
1.989123687379351e-003	-6.828471e-003
1.991015421323698e-003	-5.642179e-003
1.993643372434558e-003	-3.992925e-003
1.996039083437507e-003	-2.488460e-003
2.000281605873120e-003	1.769381e-004
2.005826946602731e-003	3.660361e-003
2.009819829008056e-003	6.166067e-003
2.012865259905872e-003	8.074680e-003
2.015861712893088e-003	9.949718e-003
2.019027539363140e-003	1.192690e-002
2.023513789339018e-003	1.472046e-002
2.028461148961007e-003	1.778751e-002
2.035378442714316e-003	2.204632e-002
2.045144067714316e-003	2.798603e-002
2.054909692714315e-003	3.382040e-002
2.064675317714315e-003	3.952748e-002
2.074440942714315e-003	4.508579e-002
2.084206567714315e-003	5.047441e-002
2.093972192714315e-003	5.567305e-002
2.103737817714314e-003	6.066215e-002
2.113503442714314e-003	6.542293e-002
2.117300114395007e-003	6.720831e-002
2.119227692959200e-003	6.810017e-002
2.121021813522264e-003	6.892131e-002
2.122427047224568e-003	6.955835e-002
2.124134756729425e-003	7.032522e-002
2.125899917811687e-003	7.110937e-002
2.128251081967107e-003	7.214025e-002
2.131191443569901e-003	7.340727e-002
2.134664520452449e-003	7.487155e-002
2.139211401361660e-003	7.673454e-002
2.145737268661471e-003	7.929858e-002
2.153274910531839e-003	8.209397e-002
2.161689470900513e-003	8.499682e-002
2.171455095900513e-003	8.806745e-002
2.181220720900513e-003	9.080661e-002
2.190986345900513e-003	9.320401e-002
2.200751970900512e-003	9.525059e-002
2.210517595900512e-003	9.693868e-002
2.220283220900512e-003	9.826192e-002
2.230048845900512e-003	9.921531e-002
2.239814470900511e-003	9.979528e-002
2.249580095900511e-003	9.999965e-002
2.259345720900511e-003	9.982764e-002
2.269111345900511e-003	9.927990e-002
2.278876970900511e-003	9.835850e-002
2.288642595900510e-003	9.706689e-002
2.298408220900510e-003	9.540995e-002
2.317939470900510e-003	9.102635e-002
2.327705095900510e-003	8.831619e-002
2.337470720900509e-003	8.527362e-002
2.347236345900509e-003	8.191011e-002
2.352333777174448e-003	8.003113e-002
2.358778372859693e-003	7.753832e-002
2.363105773300140e-003	7.579286e-002
2.367459105565424e-003	7.398040e-002
2.370519014243982e-003	7.267324e-002
2.372700024353842e-003	7.172511e-002
2.374816232992584e-003	7.079228e-002
2.377554381108721e-003	6.956674e-002
2.381782649103875e-003	6.763393e-002
2.386266223311731e-003	6.553232e-002
2.393648429992731e-003	6.195950e-002
2.403109054363281e-003	5.718702e-002
2.412874679363281e-003	5.204898e-002
2.422640304363281e-003	4.671505e-002
2.432405929363281e-003	4.120530e-002
2.442171554363281e-003	3.554045e-002
2.451937179363280e-003	2.974185e-002
2.461702804363280e-003	2.383129e-002
2.471468429363280e-003	1.783105e-002
2.476199719914318e-003	1.489848e-002
2.479082704540350e-003	1.310492e-002
2.482815471289971e-003	1.077639e-002
2.484695919280591e-003	9.601026e-003
2.487130873420161e-003	8.077103e-003
2.490290234573935e-003	6.097042e-003
2.494685268346960e-003	3.338724e-003
2.502605640606957e-003	-1.637099e-003
2.506243079834354e-003	-3.921637e-003
2.509757129340118e-003	-6.126746e-003
2.513377653369854e-003	-8.395533e-003
2.518453093637690e-003	-1.156846e-002
2.523960311799225e-003	-1.499790e-002
2.532614968032869e-003	-2.034946e-002
2.542380593032868e-003	-2.631493e-002
2.552146218032868e-003	-3.218136e-002
2.561911843032868e-003	-3.792666e-002
2.571677468032868e-003	-4.352922e-002
2.581443093032868e-003	-4.896794e-002
2.591208718032867e-003	-5.422236e-002
2.600974343032867e-003	-5.927270e-002
2.601031563491851e-003	-5.930165e-002
2.601260445327789e-003	-5.941739e-002
2.601565621109039e-003	-5.957150e-002
2.602175972671539e-003	-5.987909e-002
2.603037381379900e-003	-6.031169e-002
2.603926178133991e-003	-6.075620e-002
2.604562696326043e-003	-6.107337e-002
2.605246938111534e-003	-6.141323e-002
2.606182314262065e-003	-6.187599e-002
2.607116814713126e-003	-6.233619e-002
2.607742942976569e-003	-6.264332e-002
2.608347177325482e-003	-6.293880e-002
2.610149119556055e-003	-6.381457e-002
2.611906960443239e-003	-6.466101e-002
2.613884798026780e-003	-6.560396e-002
2.616639506061650e-003	-6.690038e-002
2.619413078683540e-003	-6.818542e-002
2.624667673534470e-003	-7.056288e-002
2.632123250696615e-003	-7.380359e-002
2.636159487763932e-003	-7.549090e-002
2.638904209679570e-003	-7.661063e-002
2.642984149013388e-003	-7.823288e-002
2.645473769053205e-003	-7.919760e-002
2.648830821551861e-003	-8.046772e-002
2.652819843571537e-003	-8.193036e-002
2.660431150369615e-003	-8.457763e-002
2.669351081742496e-003	-8.743352e-002
2.679116706742496e-003	-9.024501e-002
2.688882331742496e-003	-9.271684e-002
2.698647956742496e-003	-9.483971e-002
2.708413581742496e-003	-9.660562e-002
2.718179206742495e-003	-9.800793e-002
2.727944831742495e-003	-9.904136e-002
2.737710456742495e-003	-9.970202e-002
2.747476081742495e-003	-9.998742e-002
2.757241706742495e-003	-9.989650e-002
2.767007331742494e-003	-9.942959e-002
2.776772956742494e-003	-9.858844e-002
2.786538581742494e-003	-9.737623e-002
2.796304206742494e-003	-9.579752e-002
2.806069831742494e-003	-9.385826e-002
2.815835456742493e-003	-9.156572e-002
2.825601081742493e-003	-8.892856e-002
2.835366706742493e-003	-8.595669e-002
2.845132331742493e-003	-8.266129e-002
2.851450468065523e-003	-8.036266e-002
2.858580713321509e-003	-7.761668e-002
2.864246387836992e-003	-7.532340e-002
2.870337203325643e-003	-7.275166e-002
2.870361769672333e-003	-7.274107e-002
2.870558300445856e-003	-7.265628e-002
2.871232120240789e-003	-7.236473e-002
2.872130546634034e-003	-7.197398e-002
2.873927399420524e-003	-7.118561e-002
2.875994209178370e-003	-7.026759e-002
2.877774330549760e-003	-6.946740e-002
2.878733293344017e-003	-6.903272e-002
2.879807093942845e-003	-6.854302e-002
2.880766076075187e-003	-6.810304e-002
2.881685554500086e-003	-6.767886e-002
2.882404255450553e-003	-6.734573e-002
2.883211988190688e-003	-6.696970e-002
2.884017839809487e-003	-6.659283e-002
2.886482047069168e-003	-6.542983e-002
2.887889630157516e-003	-6.475846e-002
2.889370830118130e-003	-6.404650e-002
2.891136866421296e-003	-6.319039e-002
2.896408025168542e-003	-6.058928e-002
2.901309725115892e-003	-5.811078e-002
2.911075350115892e-003	-5.301098e-002
2.920840975115891e-003	-4.771166e-002
2.930606600115891e-003	-4.223276e-002
2.940372225115891e-003	-3.659490e-002
2.950137850115891e-003	-3.081931e-002
2.959903475115891e-003	-2.492773e-002
2.969669100115890e-003	-1.894232e-002
2.978403792332841e-003	-1.352770e-002
2.982147206718390e-003	-1.119373e-002
2.985823002475428e-003	-8.895895e-003
2.987776412327652e-003	-7.672758e-003
2.990400264834236e-003	-6.028035e-003
2.992823373045447e-003	-4.507680e-003
2.996965580603129e-003	-1.906466e-003
3.002412303456165e-003	1.515637e-003
3.006472868536390e-003	4.065902e-003
3.009531135325817e-003	5.985010e-003
3.012497070975553e-003	7.844075e-003
3.015658344515645e-003	9.822564e-003
3.020103047279019e-003	1.259756e-002
3.024901490268537e-003	1.558231e-002
3.031872003654649e-003	1.989219e-002
3.041637628654649e-003	2.586428e-002
3.051403253654648e-003	3.173903e-002
3.061168878654648e-003	3.749431e-002
3.070934503654648e-003	4.310847e-002
3.080700128654648e-003	4.856039e-002
3.090465753654648e-003	5.382954e-002
3.100231378654647e-003	5.889608e-002
3.109997003654647e-003	6.374095e-002
3.113538317642304e-003	6.543951e-002
3.115315429932055e-003	6.627972e-002
3.117068641621338e-003	6.710054e-002
3.118511758795803e-003	6.777008e-002
3.120142720572218e-003	6.852005e-002
3.121858961057706e-003	6.930147e-002
3.124113724361771e-003	7.031582e-002
3.126708494351117e-003	7.146566e-002
3.129894814033745e-003	7.285161e-002
3.134977285155869e-003	7.500166e-002
3.140244831892726e-003	7.714929e-002
3.147456705785075e-003	7.995213e-002
3.154589718683441e-003	8.256289e-002
3.164355343683441e-003	8.586731e-002
3.174120968683441e-003	8.884855e-002
3.183886593683440e-003	9.149539e-002
3.193652218683440e-003	9.379785e-002
3.203417843683440e-003	9.574728e-002
3.213183468683440e-003	9.733634e-002
3.222949093683440e-003	9.855905e-002
3.232714718683439e-003	9.941081e-002
3.242480343683439e-003	9.988841e-002
3.252245968683439e-003	9.999004e-002
3.262011593683439e-003	9.971534e-002
3.271777218683439e-003	9.906533e-002
3.281542843683438e-003	9.804247e-002
3.291308468683438e-003	9.665059e-002
3.301074093683438e-003	9.489494e-002
3.320605343683438e-003	9.032010e-002
3.330370968683437e-003	8.751814e-002
3.340136593683437e-003	8.438677e-002
3.349902218683437e-003	8.093780e-002
3.359317924621646e-003	7.732379e-002
3.364349916577602e-003	7.528060e-002
3.370178746279599e-003	7.281993e-002
3.374220253176670e-003	7.105626e-002
3.376976398234952e-003	6.982716e-002
3.379483882440768e-003	6.869075e-002
3.383099970650579e-003	6.702195e-002
3.386953371170324e-003	6.520559e-002
3.393544914040637e-003	6.201054e-002
3.401047607490530e-003	5.824474e-002
3.410813232490529e-003	5.315056e-002
3.420578857490529e-003	4.785633e-002
3.430344482490529e-003	4.238198e-002
3.440110107490529e-003	3.674812e-002
3.449875732490529e-003	3.097595e-002
3.459641357490528e-003	2.508719e-002
3.469406982490528e-003	1.910400e-002
3.476769297420041e-003	1.454451e-002
3.480394314842523e-003	1.228748e-002
3.484224290803844e-003	9.895947e-003
3.486160022920301e-003	8.684958e-003
3.488803012425970e-003	7.029473e-003
3.491209464791128e-003	5.520449e-003
3.495654532812315e-003	2.729998e-003
3.500416729327944e-003	-2.618385e-004
3.504548523123997e-003	-2.857532e-003
3.507603270264175e-003	-4.775458e-003
3.510503921886394e-003	-6.595019e-003
3.513664533723908e-003	-8.575136e-003
3.518090431136852e-003	-1.134209e-002
3.522905501284308e-003	-1.434232e-002
3.529592283892364e-003	-1.848643e-002
3.539302771935345e-003	-2.444443e-002
3.549068396935345e-003	-3.034448e-002
3.558834021935345e-003	-3.613031e-002
3.568599646935345e-003	-4.178016e-002
3.578365271935345e-003	-4.727276e-002
3.588130896935344e-003	-5.258743e-002
3.597896521935344e-003	-5.770418e-002
3.602275899527303e-003	-5.992936e-002
3.604547422243073e-003	-6.106577e-002
3.606058652236999e-003	-6.181493e-002
3.607726310215124e-003	-6.263518e-002
3.609896489258548e-003	-6.369227e-002
3.610710736347739e-003	-6.408585e-002
3.611657426172129e-003	-6.454133e-002
3.612583920472944e-003	-6.498489e-002
3.613651543129115e-003	-6.549328e-002
3.615786788441458e-003	-6.650120e-002
3.618248914377933e-003	-6.764854e-002
3.621723543566691e-003	-6.924011e-002
3.625832564870476e-003	-7.107960e-002
3.631543997162378e-003	-7.355752e-002
3.638437755388324e-003	-7.642193e-002
3.641635661753119e-003	-7.770234e-002
3.644907923478746e-003	-7.898003e-002
3.648497159089513e-003	-8.034308e-002
3.651732992399278e-003	-8.153691e-002
3.655269066181011e-003	-8.280297e-002
3.661723490172479e-003	-8.500808e-002
3.669333152649076e-003	-8.742805e-002
3.679098777649075e-003	-9.024016e-002
3.688864402649075e-003	-9.271262e-002
3.698630027649075e-003	-9.483614e-002
3.708395652649075e-003	-9.660271e-002
3.718161277649075e-003	-9.800569e-002
3.727926902649074e-003	-9.903980e-002
3.737692527649074e-003	-9.970115e-002
3.747458152649074e-003	-9.998725e-002
3.757223777649074e-003	-9.989701e-002
3.766989402649074e-003	-9.943079e-002
3.776755027649073e-003	-9.859033e-002
3.786520652649073e-003	-9.737880e-002
3.796286277649073e-003	-9.580076e-002
3.806051902649073e-003	-9.386214e-002
3.815817527649072e-003	-9.157025e-002
3.825583152649072e-003	-8.893371e-002
3.835348777649072e-003	-8.596244e-002
3.842771831862179e-003	-8.348684e-002
3.848889208706314e-003	-8.130996e-002
3.855591023402503e-003	-7.878736e-002
3.861261164794614e-003	-7.654381e-002
3.862165161283581e-003	-7.617699e-002
3.863069157772549e-003	-7.580775e-002
3.863973154261517e-003	-7.543611e-002
3.864877150750485e-003	-7.506205e-002
3.865781147239452e-003	-7.468558e-002
3.866685143728420e-003	-7.430670e-002
3.867589140217388e-003	-7.392541e-002
3.868283252381790e-003	-7.363100e-002
3.869208735267660e-003	-7.323629e-002
3.871030230584533e-003	-7.245222e-002
3.873073338414265e-003	-7.156147e-002
3.874762116927667e-003	-7.081629e-002
3.875740417278357e-003	-7.038096e-002
3.876877128393126e-003	-6.987179e-002
3.877826884072345e-003	-6.944364e-002
3.878730827008689e-003	-6.903384e-002
3.879483326770439e-003	-6.869100e-002
3.880174800142913e-003	-6.837460e-002
3.880878215301481e-003	-6.805143e-002
3.881781412160070e-003	-6.763451e-002
3.883040346986831e-003	-6.704975e-002
3.884192749240253e-003	-6.651080e-002
3.885642169598418e-003	-6.582799e-002
3.886858540221341e-003	-6.525075e-002
3.888561676021417e-003	-6.443612e-002
3.890746002408638e-003	-6.338054e-002
3.895114655183079e-003	-6.123377e-002
3.903117797250671e-003	-5.718251e-002
3.912883422250671e-003	-5.204429e-002
3.922649047250671e-003	-4.671020e-002
3.932414672250671e-003	-4.120029e-002
3.942180297250670e-003	-3.553532e-002
3.951945922250670e-003	-2.973660e-002
3.961711547250670e-003	-2.382596e-002
3.971477172250670e-003	-1.782564e-002
3.977331242131467e-003	-1.419509e-002
3.980717067624812e-003	-1.208620e-002
3.984693341432476e-003	-9.602638e-003
3.986216948381026e-003	-8.649326e-003
3.988903890734358e-003	-6.966244e-003
3.991707631425859e-003	-5.207892e-003
3.996124448288813e-003	-2.434840e-003
4.003024598625248e-003	1.900297e-003
4.006662781196038e-003	4.185126e-003
4.009733221767410e-003	6.111752e-003
4.013197910351238e-003	8.282991e-003
4.017851904854238e-003	1.119318e-002
4.022676987945292e-003	1.420021e-002
4.029487784246274e-003	1.842190e-002
4.039253409246274e-003	2.441436e-002
4.049019034246273e-003	3.031492e-002
4.058784659246273e-003	3.610139e-002
4.068550284246273e-003	4.175198e-002
4.078315909246273e-003	4.724543e-002
4.088081534246273e-003	5.256105e-002
4.097847159246272e-003	5.767885e-002
4.107612784246272e-003	6.257956e-002
4.111112586828752e-003	6.427947e-002
4.112870098190727e-003	6.512146e-002
4.114606169065143e-003	6.594537e-002
4.116093690706136e-003	6.664509e-002
4.117731895624610e-003	6.740895e-002
4.119519046022213e-003	6.823411e-002
4.121873226612795e-003	6.930793e-002
4.124744747322737e-003	7.059718e-002
4.128087016282958e-003	7.206882e-002
4.132796603163322e-003	7.408840e-002
4.138636278978209e-003	7.650232e-002
4.146459715088141e-003	7.957431e-002
4.154397341319826e-003	8.249462e-002
4.164162966319826e-003	8.580530e-002
4.173928591319826e-003	8.879302e-002
4.183694216319826e-003	9.144654e-002
4.193459841319826e-003	9.375588e-002
4.203225466319825e-003	9.571234e-002
4.212991091319825e-003	9.730856e-002
4.222756716319825e-003	9.853853e-002
4.232522341319825e-003	9.939764e-002
4.242287966319825e-003	9.988263e-002
4.252053591319824e-003	9.999168e-002
4.261819216319824e-003	9.972438e-002
4.271584841319824e-003	9.908175e-002
4.281350466319824e-003	9.806620e-002
4.291116091319823e-003	9.668154e-002
4.300881716319823e-003	9.493300e-002
4.320412966319823e-003	9.037192e-002
4.330178591319823e-003	8.757655e-002
4.339944216319822e-003	8.445157e-002
4.349709841319822e-003	8.100872e-002
4.359386558679163e-003	7.729644e-002
4.364458585661735e-003	7.523564e-002
4.370191724231637e-003	7.281435e-002
4.375759315766620e-003	7.037252e-002
4.378878018291657e-003	6.896690e-002
4.381834436096249e-003	6.760997e-002
4.384840653012454e-003	6.620625e-002
4.389049796409406e-003	6.420128e-002
4.394784218008024e-003	6.139778e-002
4.402550163311825e-003	5.747474e-002
4.412315788311825e-003	5.234851e-002
4.422081413311825e-003	4.702526e-002
4.431847038311824e-003	4.152501e-002
4.441612663311824e-003	3.586847e-002
4.451378288311824e-003	3.007693e-002
4.461143913311824e-003	2.417219e-002
4.470909538311823e-003	1.817647e-002
4.478688702386638e-003	1.335030e-002
4.482409920794806e-003	1.102969e-002
4.486216314759301e-003	8.649723e-003
4.488143203669546e-003	7.442956e-003
4.490771154350135e-003	5.795406e-003
4.493200493055248e-003	4.270957e-003
4.497599576543226e-003	1.508173e-003
4.502415255194482e-003	-1.517491e-003
4.506490787352725e-003	-4.077151e-003
4.509538881133672e-003	-5.989868e-003
4.512443043379721e-003	-7.810233e-003
4.515601712431135e-003	-9.787153e-003
4.520021031046041e-003	-1.254643e-002
4.524827250329900e-003	-1.553623e-002
4.531528265530118e-003	-1.968048e-002
4.541248464822199e-003	-2.562800e-002
4.551014089822199e-003	-3.150705e-002
4.560779714822199e-003	-3.726752e-002
4.570545339822199e-003	-4.288771e-002
4.580310964822199e-003	-4.834649e-002
4.590076589822198e-003	-5.362330e-002
4.599842214822198e-003	-5.869829e-002
4.604241053997909e-003	-6.091322e-002
4.604275286209393e-003	-6.093027e-002
4.604638409823543e-003	-6.111103e-002
4.605031288745118e-003	-6.130624e-002
4.605817046588268e-003	-6.169553e-002
4.606930773765124e-003	-6.224474e-002
4.608205860344673e-003	-6.286977e-002
4.609728661205782e-003	-6.361094e-002
4.612602496745792e-003	-6.499376e-002
4.613617718659932e-003	-6.547722e-002
4.614647365019367e-003	-6.596483e-002
4.616065342299924e-003	-6.663181e-002
4.617569156132945e-003	-6.733339e-002
4.619799087041770e-003	-6.836263e-002
4.622225467345558e-003	-6.946731e-002
4.626872390095939e-003	-7.153764e-002
4.632474820797625e-003	-7.395246e-002
4.639794337471975e-003	-7.696889e-002
4.643282550587820e-003	-7.834952e-002
4.646285764664582e-003	-7.950807e-002
4.650068110952718e-003	-8.092684e-002
4.652713627402272e-003	-8.189208e-002
4.656219495833137e-003	-8.313631e-002
4.661248520134332e-003	-8.485053e-002
4.668577381736511e-003	-8.719655e-002
4.678343006736510e-003	-9.003452e-002
4.688108631736510e-003	-9.253362e-002
4.697874256736510e-003	-9.468444e-002
4.707639881736510e-003	-9.647889e-002
4.717405506736510e-003	-9.791023e-002
4.727171131736509e-003	-9.897304e-002
4.736936756736509e-003	-9.966334e-002
4.746702381736509e-003	-9.997854e-002
4.756468006736509e-003	-9.991743e-002
4.766233631736509e-003	-9.948026e-002
4.775999256736508e-003	-9.866867e-002
4.785764881736508e-003	-9.748571e-002
4.795530506736508e-003	-9.593584e-002
4.805296131736508e-003	-9.402489e-002
4.815061756736508e-003	-9.176005e-002
4.824827381736507e-003	-8.914984e-002
4.834593006736507e-003	-8.620410e-002
4.841431590529351e-003	-8.394741e-002
4.847930304724713e-003	-8.165921e-002
4.854749182560344e-003	-7.911199e-002
4.860400018667510e-003	-7.689087e-002
4.866044891863259e-003	-7.457533e-002
4.868528632731161e-003	-7.352659e-002
4.871678345560170e-003	-7.217094e-002
4.871699862651621e-003	-7.216159e-002
4.871728552106890e-003	-7.214911e-002
4.871785931017427e-003	-7.212414e-002
4.871900688838501e-003	-7.207417e-002
4.872130204480650e-003	-7.197413e-002
4.872589235764948e-003	-7.177360e-002
4.873841824697653e-003	-7.122336e-002
4.874445333805951e-003	-7.095668e-002
4.876459469698137e-003	-7.005929e-002
4.877333489877138e-003	-6.966637e-002
4.878009213376578e-003	-6.936116e-002
4.878740939161979e-003	-6.902924e-002
4.879859953894096e-003	-6.851883e-002
4.880929441585987e-003	-6.802784e-002
4.882107168337382e-003	-6.748360e-002
4.883556514329961e-003	-6.680878e-002
4.884794226941212e-003	-6.622811e-002
4.886540892947373e-003	-6.540186e-002
4.888544731719526e-003	-6.444426e-002
4.892552409263832e-003	-6.249856e-002
4.899037084904558e-003	-5.926692e-002
4.908802709904557e-003	-5.421633e-002
4.918568334904557e-003	-4.896168e-002
4.928333959904557e-003	-4.352276e-002
4.938099584904557e-003	-3.792002e-002
4.947865209904557e-003	-3.217456e-002
4.957630834904556e-003	-2.630800e-002
4.967396459904556e-003	-2.034243e-002
4.974551676408041e-003	-1.592161e-002
4.978071704944125e-003	-1.373440e-002
4.981833790641067e-003	-1.138940e-002
4.983801362559087e-003	-1.016034e-002
4.986453762419493e-003	-8.501079e-003
4.988842220366392e-003	-7.004899e-003
4.993027823203711e-003	-4.379347e-003
4.998235466218758e-003	-1.108667e-003
5.002358083254788e-003	1.481573e-003
5.005436293962168e-003	3.415060e-003
5.008357404182402e-003	5.248699e-003
5.011527189085717e-003	7.236416e-003
5.015936200109359e-003	9.996287e-003
5.020726227902194e-003	1.298590e-002
5.027477458099582e-003	1.717896e-002
5.037243083099582e-003	2.318754e-002
5.047008708099582e-003	2.910885e-002
5.056774333099582e-003	3.492060e-002
5.066539958099582e-003	4.060092e-002
5.076305583099581e-003	4.612843e-002
5.086071208099581e-003	5.148232e-002
5.095836833099581e-003	5.664244e-002
5.105602458099581e-003	6.158937e-002
5.109479614512275e-003	6.349012e-002
5.111255243847705e-003	6.434811e-002
5.113105945480101e-003	6.523384e-002
5.114518258223753e-003	6.590383e-002
5.116206260643524e-003	6.669781e-002
5.117982757019230e-003	6.752529e-002
5.120374879685464e-003	6.862622e-002
5.123588255330019e-003	7.008068e-002
5.126663204855953e-003	7.144575e-002
5.130275312083379e-003	7.301517e-002
5.134632472270752e-003	7.485820e-002
5.142363023694418e-003	7.798920e-002
5.151426333634709e-003	8.142521e-002
5.161191958634709e-003	8.483171e-002
5.170957583634709e-003	8.791894e-002
5.180723208634708e-003	9.067525e-002
5.190488833634708e-003	9.309027e-002
5.200254458634708e-003	9.515493e-002
5.210020083634708e-003	9.686145e-002
5.219785708634708e-003	9.820341e-002
5.229551333634707e-003	9.917574e-002
5.239316958634707e-003	9.977481e-002
5.249082583634707e-003	9.999834e-002
5.258848208634707e-003	9.984550e-002
5.268613833634707e-003	9.931687e-002
5.278379458634706e-003	9.841442e-002
5.288145083634706e-003	9.714157e-002
5.297910708634706e-003	9.550311e-002
5.317441958634706e-003	9.115533e-002
5.327207583634705e-003	8.846239e-002
5.336973208634705e-003	8.543649e-002
5.346738833634705e-003	8.208904e-002
5.353688226412919e-003	7.951798e-002
5.361051576276045e-003	7.662848e-002
5.366136448724276e-003	7.453699e-002
5.370214367732534e-003	7.280459e-002
5.374402138520186e-003	7.097580e-002
5.377393866912979e-003	6.963915e-002
5.379695654744073e-003	6.859399e-002
5.381655542430589e-003	6.769274e-002
5.383564992356927e-003	6.680482e-002
5.387019127899938e-003	6.517426e-002
5.390810002302474e-003	6.334943e-002
5.397314973059248e-003	6.013495e-002
5.404882115268368e-003	5.626958e-002
5.414647740268368e-003	5.109452e-002
5.424413365268368e-003	4.572716e-002
5.434178990268368e-003	4.018769e-002
5.443944615268368e-003	3.449696e-002
5.453710240268367e-003	2.867639e-002
5.463475865268367e-003	2.274789e-002
5.473241490268367e-003	1.673377e-002
5.480107250490048e-003	1.246646e-002
5.483386694437730e-003	1.041950e-002
5.487044291143663e-003	8.131324e-003
5.489057817251482e-003	6.869761e-003
5.491341754317713e-003	5.437453e-003
5.493773347927024e-003	3.911323e-003
5.497762025554693e-003	1.406114e-003
5.502912271596105e-003	-1.829732e-003
5.507466662800372e-003	-4.689722e-003
5.510661123574818e-003	-6.693573e-003
5.513556241639366e-003	-8.507342e-003
5.516775740220341e-003	-1.052100e-002
5.521346796943180e-003	-1.337241e-002
5.526143841437601e-003	-1.635288e-002
5.532763634558065e-003	-2.044091e-002
5.542444052822608e-003	-2.635340e-002
5.552209677822608e-003	-3.221911e-002
5.561975302822608e-003	-3.796355e-002
5.571740927822607e-003	-4.356511e-002
5.581506552822607e-003	-4.900270e-002
5.591272177822607e-003	-5.425586e-002
5.601037802822607e-003	-5.930481e-002
5.605733109786356e-003	-6.165402e-002
5.605733969522739e-003	-6.165444e-002
5.606069184832268e-003	-6.182014e-002
5.606404400141795e-003	-6.198555e-002
5.606739615451324e-003	-6.215069e-002
5.607074830760852e-003	-6.231555e-002
5.607410046070380e-003	-6.248014e-002
5.607745261379908e-003	-6.264445e-002
5.608080476689437e-003	-6.280849e-002
5.608319168745287e-003	-6.292512e-002
5.608557860801137e-003	-6.304161e-002
5.608796552856987e-003	-6.315795e-002
5.609035244912838e-003	-6.327416e-002
5.609273936968687e-003	-6.339023e-002
5.609512629024538e-003	-6.350615e-002
5.609751321080388e-003	-6.362193e-002
5.609937051069134e-003	-6.371192e-002
5.610308511046627e-003	-6.389163e-002
5.611051431001614e-003	-6.425003e-002
5.611576508554764e-003	-6.450249e-002
5.613213097671936e-003	-6.528486e-002
5.613895009971462e-003	-6.560881e-002
5.614491896346521e-003	-6.589138e-002
5.615080816816256e-003	-6.616927e-002
5.615807118322894e-003	-6.651074e-002
5.616718143455194e-003	-6.693710e-002
5.618155884434963e-003	-6.760548e-002
5.620050369180476e-003	-6.847778e-002
5.622563970530698e-003	-6.962014e-002
5.625332373242585e-003	-7.085820e-002
5.630869178666357e-003	-7.326962e-002
5.636555601278783e-003	-7.565389e-002
5.642422921041419e-003	-7.801275e-002
5.645599209377515e-003	-7.924569e-002
5.648719364190745e-003	-8.042613e-002
5.652311879736692e-003	-8.174695e-002
5.655498782853197e-003	-8.288381e-002
5.658981750733188e-003	-8.408825e-002
5.664415841769714e-003	-8.588678e-002
5.672669152559642e-003	-8.842625e-002
5.682434777559642e-003	-9.112345e-002
5.692200402559642e-003	-9.347770e-002
5.701966027559641e-003	-9.548011e-002
5.711731652559641e-003	-9.712316e-002
5.721497277559641e-003	-9.840066e-002
5.731262902559641e-003	-9.930780e-002
5.741028527559641e-003	-9.984117e-002
5.750794152559640e-003	-9.999876e-002
5.760559777559640e-003	-9.977997e-002
5.770325402559640e-003	-9.918564e-002
5.780091027559640e-003	-9.821799e-002
5.789856652559640e-003	-9.688067e-002
5.799622277559639e-003	-9.517872e-002
5.809387902559639e-003	-9.311854e-002
5.819153527559639e-003	-9.070788e-002
5.828919152559639e-003	-8.795581e-002
5.837606983470410e-003	-8.522888e-002
5.843869148909116e-003	-8.310535e-002
5.850928504276489e-003	-8.055741e-002
5.856956828002386e-003	-7.825597e-002
5.863194783289154e-003	-7.575636e-002
5.866155630865825e-003	-7.452895e-002
5.868705304420006e-003	-7.345131e-002
5.870676493392656e-003	-7.260524e-002
5.871782132322967e-003	-7.212579e-002
5.872724294120282e-003	-7.171448e-002
5.873525499645038e-003	-7.136273e-002
5.874407495182395e-003	-7.097343e-002
5.875928550224462e-003	-7.029694e-002
5.876743175850803e-003	-6.993198e-002
5.877635125226853e-003	-6.953029e-002
5.878762250139153e-003	-6.901956e-002
5.879987431741846e-003	-6.846046e-002
5.881230000464695e-003	-6.788930e-002
5.882657839516881e-003	-6.722786e-002
5.884034343142953e-003	-6.658509e-002
5.888661405284445e-003	-6.438819e-002
5.894490678839970e-003	-6.154325e-002
5.904256303839970e-003	-5.659420e-002
5.914021928839970e-003	-5.143214e-002
5.923787553839969e-003	-4.607650e-002
5.933553178839969e-003	-4.054743e-002
5.943318803839969e-003	-3.486576e-002
5.953084428839969e-003	-2.905286e-002
5.962850053839969e-003	-2.313061e-002
5.972615678839968e-003	-1.712130e-002
5.976581860227854e-003	-1.466102e-002
5.979798239425593e-003	-1.265908e-002
5.982068937398183e-003	-1.124260e-002
5.984220750276790e-003	-9.898161e-003
5.986637737377392e-003	-8.385898e-003
5.990199082618010e-003	-6.154207e-003
5.994637356563247e-003	-3.368811e-003
6.000899429865046e-003	5.651254e-004
6.004346739284987e-003	2.730797e-003
6.007404370883095e-003	4.650625e-003
6.010753140951489e-003	6.751258e-003
6.015220578613586e-003	9.548801e-003
6.020091160137381e-003	1.259015e-002
6.027040202829330e-003	1.690824e-002
6.036805827829330e-003	2.292021e-002
6.046571452829329e-003	2.884590e-002
6.056337077829329e-003	3.466303e-002
6.066102702829329e-003	4.034970e-002
6.075868327829329e-003	4.588449e-002
6.085633952829329e-003	5.124659e-002
6.095399577829328e-003	5.641581e-002
6.105165202829328e-003	6.137269e-002
6.108233633122337e-003	6.288335e-002
6.109941479232112e-003	6.371406e-002
6.111668755284215e-003	6.454677e-002
6.113323496016819e-003	6.533738e-002
6.114907357243724e-003	6.608751e-002
6.116371440894872e-003	6.677510e-002
6.118302293607870e-003	6.767324e-002
6.121237067365270e-003	6.901924e-002
6.124509144720331e-003	7.049226e-002
6.128817673560843e-003	7.238632e-002
6.136965945084200e-003	7.582224e-002
6.146731570084199e-003	7.967764e-002
6.156497195084199e-003	8.323315e-002
6.166262820084199e-003	8.647539e-002
6.176028445084199e-003	8.939216e-002
6.185794070084199e-003	9.197247e-002
6.195559695084198e-003	9.420662e-002
6.205325320084198e-003	9.608620e-002
6.215090945084198e-003	9.760413e-002
6.224856570084198e-003	9.875470e-002
6.234622195084198e-003	9.953357e-002
6.244387820084197e-003	9.993783e-002
6.254153445084197e-003	9.996595e-002
6.263919070084197e-003	9.961782e-002
6.273684695084197e-003	9.889475e-002
6.283450320084196e-003	9.779945e-002
6.293215945084196e-003	9.633607e-002
6.302981570084196e-003	9.451009e-002
6.322512820084196e-003	8.979921e-002
6.332278445084195e-003	8.693204e-002
6.342044070084195e-003	8.373767e-002
6.351809695084195e-003	8.022813e-002
6.361575320084195e-003	7.641663e-002
6.367387715679998e-003	7.401057e-002
6.373403501027396e-003	7.141642e-002
6.378372806424568e-003	6.919642e-002
6.381465275372711e-003	6.778069e-002
6.384404752743210e-003	6.641127e-002
6.387171508341011e-003	6.510161e-002
6.391483442148822e-003	6.302147e-002
6.396684665924227e-003	6.045090e-002
6.404590174711683e-003	5.642112e-002
6.414355799711683e-003	5.125212e-002
6.424121424711683e-003	4.589021e-002
6.433887049711683e-003	4.035559e-002
6.443652674711683e-003	3.466907e-002
6.453418299711682e-003	2.885207e-002
6.463183924711682e-003	2.292647e-002
6.472949549711682e-003	1.691459e-002
6.480968307365770e-003	1.192949e-002
6.484815770749125e-003	9.526066e-003
6.488624252084122e-003	7.141509e-003
6.490532349240900e-003	5.945193e-003
6.493139424018498e-003	4.309292e-003
6.495618417432198e-003	2.752682e-003
6.499887593621977e-003	7.062701e-005
6.505388435403813e-003	-3.385007e-003
6.509309074308562e-003	-5.845729e-003
6.512329555108060e-003	-7.739142e-003
6.515349608383725e-003	-9.629499e-003
6.518520819827551e-003	-1.161073e-002
6.523033583163096e-003	-1.442196e-002
6.527993953798605e-003	-1.749857e-002
6.535053424602495e-003	-2.184708e-002
6.544819049602495e-003	-2.778991e-002
6.554584674602495e-003	-3.362815e-002
6.564350299602495e-003	-3.933981e-002
6.574115924602495e-003	-4.490342e-002
6.583881549602494e-003	-5.029801e-002
6.593647174602494e-003	-5.550329e-002
6.603412799602494e-003	-6.049968e-002
6.607333666116626e-003	-6.244267e-002
6.607379613771089e-003	-6.246522e-002
6.607563404388939e-003	-6.255535e-002
6.607808458546072e-003	-6.267540e-002
6.608298566860338e-003	-6.291506e-002
6.609238276784630e-003	-6.337290e-002
6.610760509218001e-003	-6.410985e-002
6.612663245934491e-003	-6.502277e-002
6.615062646283413e-003	-6.616071e-002
6.615920562912010e-003	-6.656395e-002
6.616920485530442e-003	-6.703150e-002
6.618243314984565e-003	-6.764595e-002
6.619605098089533e-003	-6.827363e-002
6.621766374020936e-003	-6.925952e-002
6.624078764735202e-003	-7.030020e-002
6.628074333666896e-003	-7.206329e-002
6.633649656710214e-003	-7.444733e-002
6.639389574758165e-003	-7.680628e-002
6.644213546801721e-003	-7.871167e-002
6.647286814467820e-003	-7.988797e-002
6.650584079954126e-003	-8.111686e-002
6.654136019305377e-003	-8.240171e-002
6.657554024298191e-003	-8.359937e-002
6.661220935838376e-003	-8.484136e-002
6.666742622533550e-003	-8.662640e-002
6.675597309775798e-003	-8.927041e-002
6.685362934775798e-003	-9.186579e-002
6.695128559775798e-003	-9.411541e-002
6.704894184775797e-003	-9.601080e-002
6.714659809775797e-003	-9.754483e-002
6.724425434775797e-003	-9.871171e-002
6.734191059775797e-003	-9.950708e-002
6.743956684775797e-003	-9.992792e-002
6.753722309775796e-003	-9.997265e-002
6.763487934775796e-003	-9.964111e-002
6.773253559775796e-003	-9.893455e-002
6.783019184775796e-003	-9.785561e-002
6.792784809775796e-003	-9.640837e-002
6.802550434775795e-003	-9.459826e-002
6.812316059775795e-003	-9.243212e-002
6.822081684775795e-003	-8.991808e-002
6.831847309775795e-003	-8.706561e-002
6.838729687353582e-003	-8.485778e-002
6.845418548551085e-003	-8.255995e-002
6.852354882729200e-003	-8.002318e-002
6.858184253234173e-003	-7.777351e-002
6.863092596704621e-003	-7.579826e-002
6.865731249448280e-003	-7.470647e-002
6.868746099815115e-003	-7.343391e-002
6.870255076032471e-003	-7.278705e-002
6.871220195059782e-003	-7.236990e-002
6.872335860282822e-003	-7.188436e-002
6.873324058150684e-003	-7.145134e-002
6.874221858149309e-003	-7.105555e-002
6.875057624132906e-003	-7.068507e-002
6.875772272331018e-003	-7.036673e-002
6.876505335358209e-003	-7.003872e-002
6.877452972661680e-003	-6.961250e-002
6.878795738765279e-003	-6.900433e-002
6.879975342369928e-003	-6.846600e-002
6.881434192934659e-003	-6.779505e-002
6.882698632932777e-003	-6.720889e-002
6.886797908289828e-003	-6.527962e-002
6.891524787892483e-003	-6.300129e-002
6.900450158689024e-003	-5.854946e-002
6.910215783689024e-003	-5.346816e-002
6.919981408689024e-003	-4.818560e-002
6.929747033689024e-003	-4.272169e-002
6.939512658689024e-003	-3.709698e-002
6.949278283689023e-003	-3.133265e-002
6.959043908689023e-003	-2.545039e-002
6.968809533689023e-003	-1.947234e-002
6.974012368568704e-003	-1.625605e-002
6.977196079269565e-003	-1.427915e-002
6.981093616001371e-003	-1.185131e-002
6.982522290476613e-003	-1.095951e-002
6.985299788014081e-003	-9.223288e-003
6.988046233630873e-003	-7.503713e-003
6.992527482394335e-003	-4.693396e-003
6.998616722028465e-003	-8.691282e-004
7.002273177167676e-003	1.428231e-003
7.005239809246147e-003	3.291674e-003
7.008843583782820e-003	5.553728e-003
7.012579593211029e-003	7.895764e-003
7.018253589331324e-003	1.144394e-002
7.023834521259943e-003	1.491976e-002
7.033321214821208e-003	2.078372e-002
7.043086839821208e-003	2.674278e-002
7.052852464821208e-003	3.260118e-002
7.062618089821207e-003	3.833688e-002
7.072383714821207e-003	4.392829e-002
7.082149339821207e-003	4.935436e-002
7.091914964821207e-003	5.459468e-002
7.101680589821207e-003	5.962951e-002
7.105958309151892e-003	6.176536e-002
7.108355135316107e-003	6.294268e-002
7.110520755960866e-003	6.399417e-002
7.111741678265812e-003	6.458176e-002
7.113307352123831e-003	6.532970e-002
7.114619328540665e-003	6.595159e-002
7.116357399033870e-003	6.676853e-002
7.118113868648525e-003	6.758603e-002
7.120293394865460e-003	6.858898e-002
7.123060814973668e-003	6.984390e-002
7.126419161546273e-003	7.133838e-002
7.132436935931912e-003	7.393643e-002
7.139252277827255e-003	7.675101e-002
7.148311769561709e-003	8.027367e-002
7.158077394561709e-003	8.377936e-002
7.167843019561708e-003	8.696973e-002
7.177608644561708e-003	8.983277e-002
7.187374269561708e-003	9.235770e-002
7.197139894561708e-003	9.453500e-002
7.206905519561708e-003	9.635650e-002
7.216671144561707e-003	9.781534e-002
7.226436769561707e-003	9.890603e-002
7.236202394561707e-003	9.962445e-002
7.245968019561707e-003	9.996791e-002
7.255733644561706e-003	9.993511e-002
7.265499269561706e-003	9.952618e-002
7.275264894561706e-003	9.874266e-002
7.285030519561706e-003	9.758749e-002
7.294796144561706e-003	9.606502e-002
7.314327394561705e-003	9.194248e-002
7.324093019561705e-003	8.935792e-002
7.333858644561705e-003	8.643704e-002
7.343624269561705e-003	8.319082e-002
7.353389894561704e-003	7.963150e-002
7.363155519561704e-003	7.577246e-002
7.368216228440793e-003	7.365949e-002
7.373785239297983e-003	7.124832e-002
7.379468594573613e-003	6.869773e-002
7.382606365913341e-003	6.725181e-002
7.385537285805704e-003	6.587758e-002
7.388592287621520e-003	6.442141e-002
7.392749131958200e-003	6.240202e-002
7.398591790914484e-003	5.949204e-002
7.406236972492071e-003	5.556383e-002
7.416002597492071e-003	5.036091e-002
7.425768222492071e-003	4.496844e-002
7.435533847492071e-003	3.940673e-002
7.445299472492071e-003	3.369669e-002
7.455065097492070e-003	2.785983e-002
7.464830722492070e-003	2.191811e-002
7.474596347492070e-003	1.589390e-002
7.481693629310517e-003	1.147689e-002
7.485234285744177e-003	9.264268e-003
7.489015842802848e-003	6.896072e-003
7.490957724394624e-003	5.678373e-003
7.493330527028145e-003	4.189327e-003
7.495803250927152e-003	2.636590e-003
7.500049149301887e-003	-3.088142e-005
7.504814573691218e-003	-3.024624e-003
7.509162547844668e-003	-5.753819e-003
7.512284344650122e-003	-7.710820e-003
7.515170174929149e-003	-9.517276e-003
7.518362142868326e-003	-1.151170e-002
7.522901068690879e-003	-1.433956e-002
7.527698326850132e-003	-1.731565e-002
7.534310095281225e-003	-2.139108e-002
7.543961096945781e-003	-2.727168e-002
7.553726721945780e-003	-3.311999e-002
7.563492346945780e-003	-3.884364e-002
7.573257971945780e-003	-4.442110e-002
7.583023596945780e-003	-4.983136e-002
7.592789221945779e-003	-5.505408e-002
7.602554846945779e-003	-6.006958e-002
7.607093104494602e-003	-6.232454e-002
7.607099752332808e-003	-6.232780e-002
7.607179526391283e-003	-6.236699e-002
7.607259300449759e-003	-6.240617e-002
7.607339074508234e-003	-6.244532e-002
7.607418848566710e-003	-6.248447e-002
7.607498622625186e-003	-6.252359e-002
7.607578396683661e-003	-6.256270e-002
7.607658170742136e-003	-6.260180e-002
7.608225452935739e-003	-6.287935e-002
7.609360017322945e-003	-6.343205e-002
7.610614969970290e-003	-6.403965e-002
7.611872658376647e-003	-6.464458e-002
7.613038470190117e-003	-6.520170e-002
7.613702082507743e-003	-6.551728e-002
7.614673207667883e-003	-6.597703e-002
7.615715296363492e-003	-6.646764e-002
7.616391076081334e-003	-6.678428e-002
7.617050438776328e-003	-6.709206e-002
7.618912483087170e-003	-6.795501e-002
7.620788601198713e-003	-6.881507e-002
7.622864565136255e-003	-6.975559e-002
7.625729409051080e-003	-7.103400e-002
7.628641593126865e-003	-7.230995e-002
7.634302926746891e-003	-7.472075e-002
7.641637542125007e-003	-7.770308e-002
7.646207629019105e-003	-7.947828e-002
7.649180577945405e-003	-8.059800e-002
7.653776079851787e-003	-8.227336e-002
7.656738308146683e-003	-8.331703e-002
7.660297197839863e-003	-8.453270e-002
7.664513180311499e-003	-8.591810e-002
7.672945145254769e-003	-8.850709e-002
7.682455381939417e-003	-9.112879e-002
7.692221006939417e-003	-9.348229e-002
7.701986631939417e-003	-9.548396e-002
7.711752256939417e-003	-9.712625e-002
7.721517881939416e-003	-9.840296e-002
7.731283506939416e-003	-9.930932e-002
7.741049131939416e-003	-9.984189e-002
7.750814756939416e-003	-9.999869e-002
7.760580381939415e-003	-9.977911e-002
7.770346006939415e-003	-9.918399e-002
7.780111631939415e-003	-9.821556e-002
7.789877256939415e-003	-9.687746e-002
7.799642881939415e-003	-9.517475e-002
7.809408506939414e-003	-9.311382e-002
7.819174131939414e-003	-9.070243e-002
7.828939756939414e-003	-8.794965e-002
7.836518051637178e-003	-8.558476e-002
7.842947560253466e-003	-8.342601e-002
7.849900978815645e-003	-8.093826e-002
7.855866710299574e-003	-7.868056e-002
7.861946831344878e-003	-7.626586e-002
7.864664155690676e-003	-7.515049e-002
7.868236550844053e-003	-7.365086e-002
7.869552597401486e-003	-7.308901e-002
7.870549742900242e-003	-7.265998e-002
7.871649340931340e-003	-7.218356e-002
7.872640899456593e-003	-7.175099e-002
7.873577743885554e-003	-7.133974e-002
7.874392434739478e-003	-7.098009e-002
7.875154342119814e-003	-7.064207e-002
7.875938565603299e-003	-7.029246e-002
7.876926128048717e-003	-6.984977e-002
7.878211417869633e-003	-6.926958e-002
7.879418843383347e-003	-6.872044e-002
7.880846428078655e-003	-6.806606e-002
7.882152297026416e-003	-6.746268e-002
7.886509097691482e-003	-6.541698e-002
7.891744033792513e-003	-6.289425e-002
7.901509658792513e-003	-5.800850e-002
7.911275283792513e-003	-5.290442e-002
7.921040908792512e-003	-4.760122e-002
7.930806533792512e-003	-4.211885e-002
7.940572158792512e-003	-3.647796e-002
7.950337783792512e-003	-3.069978e-002
7.960103408792512e-003	-2.480605e-002
7.969869033792511e-003	-1.881896e-002
7.974331020627525e-003	-1.605846e-002
7.977289830369992e-003	-1.422085e-002
7.980984106942087e-003	-1.191963e-002
7.982904539069571e-003	-1.072075e-002
7.985322944348483e-003	-9.208800e-003
7.988529154939311e-003	-7.201106e-003
7.993143234090826e-003	-4.306900e-003
8.000344188062216e-003	2.162596e-004
8.003890678138770e-003	2.444342e-003
8.007217252911029e-003	4.533180e-003
8.010700811536103e-003	6.718453e-003
8.015496429789061e-003	9.721316e-003
8.020589557644490e-003	1.290075e-002
8.028567402985413e-003	1.785320e-002
8.038333027985413e-003	2.385316e-002
8.048098652985412e-003	2.976334e-002
8.057864277985412e-003	3.556150e-002
8.067629902985412e-003	4.122581e-002
8.077395527985412e-003	4.673496e-002
8.087161152985412e-003	5.206821e-002
8.096926777985411e-003	5.720548e-002
8.106692402985411e-003	6.212745e-002
8.109263825534044e-003	6.338532e-002
8.111987154378282e-003	6.469944e-002
8.113184095520001e-003	6.527105e-002
8.114956958937544e-003	6.611090e-002
8.116349630001194e-003	6.676489e-002
8.117962311950661e-003	6.751581e-002
8.121592604802544e-003	6.918072e-002
8.124256039431541e-003	7.037938e-002
8.126829798059282e-003	7.151894e-002
8.130697186276447e-003	7.319603e-002
8.134407028182047e-003	7.476420e-002
8.140410608486727e-003	7.721552e-002
8.146881180870237e-003	7.973441e-002
8.156646805870237e-003	8.328522e-002
8.166412430870237e-003	8.652256e-002
8.176178055870237e-003	8.943425e-002
8.185943680870236e-003	9.200933e-002
8.195709305870236e-003	9.423811e-002
8.205474930870236e-003	9.611219e-002
8.215240555870236e-003	9.762453e-002
8.225006180870235e-003	9.876944e-002
8.234771805870235e-003	9.954260e-002
8.244537430870235e-003	9.994110e-002
8.254303055870235e-003	9.996345e-002
8.264068680870235e-003	9.960956e-002
8.273834305870234e-003	9.888076e-002
8.283599930870234e-003	9.777980e-002
8.293365555870234e-003	9.631081e-002
8.312896805870234e-003	9.229226e-002
8.322662430870233e-003	8.975782e-002
8.332428055870233e-003	8.688554e-002
8.342193680870233e-003	8.368625e-002
8.351959305870233e-003	8.017198e-002
8.358915810879476e-003	7.748376e-002
8.365811935005834e-003	7.467276e-002
8.370087753168040e-003	7.285911e-002
8.374204321963072e-003	7.106330e-002
8.377268364387713e-003	6.969573e-002
8.380289684678549e-003	6.832191e-002
8.382286400817842e-003	6.740046e-002
8.384147572436489e-003	6.653199e-002
8.385941507382432e-003	6.568629e-002
8.389276606931305e-003	6.409195e-002
8.392880817280003e-003	6.233735e-002
8.400005821779312e-003	5.877557e-002
8.406848602291602e-003	5.524391e-002
8.416614227291602e-003	5.002853e-002
8.426379852291601e-003	4.462486e-002
8.436145477291601e-003	3.905324e-002
8.445911102291601e-003	3.333462e-002
8.455676727291601e-003	2.749054e-002
8.465442352291601e-003	2.154300e-002
8.475207977291600e-003	1.551437e-002
8.482183599457066e-003	1.117101e-002
8.485544673282443e-003	9.070068e-003
8.489276955695641e-003	6.732391e-003
8.491254873002452e-003	5.491961e-003
8.493551488788635e-003	4.050611e-003
8.495984701884727e-003	2.522619e-003
8.500303345171576e-003	-1.905973e-004
8.505149031822774e-003	-3.234668e-003
8.509518745472235e-003	-5.977239e-003
8.512667777168217e-003	-7.950998e-003
8.515538356877347e-003	-9.747535e-003
8.518732453269192e-003	-1.174279e-002
8.523347665795197e-003	-1.461721e-002
8.528171682996672e-003	-1.760850e-002
8.534751446759099e-003	-2.166189e-002
8.544379907999054e-003	-2.752475e-002
8.554145532999054e-003	-3.336817e-002
8.563911157999054e-003	-3.908599e-002
8.573676782999053e-003	-4.465671e-002
8.583442407999053e-003	-5.005934e-002
8.593208032999053e-003	-5.527356e-002
8.602973657999053e-003	-6.027975e-002
8.606656973202665e-003	-6.211000e-002
8.609376225076224e-003	-6.343992e-002
8.609461201697272e-003	-6.348119e-002
8.609631154939370e-003	-6.356366e-002
8.609971061423565e-003	-6.372838e-002
8.610650874391954e-003	-6.405697e-002
8.611884523012720e-003	-6.465026e-002
8.613054730839252e-003	-6.520945e-002
8.613730995869325e-003	-6.553100e-002
8.614456767302464e-003	-6.587477e-002
8.615553338583010e-003	-6.639158e-002
8.616332249778485e-003	-6.675676e-002
8.616942125973980e-003	-6.704158e-002
8.617530951603735e-003	-6.731563e-002
8.618346933447849e-003	-6.769389e-002
8.619243583722906e-003	-6.810748e-002
8.620818048652088e-003	-6.882849e-002
8.622739063207508e-003	-6.969907e-002
8.625310226262986e-003	-7.084838e-002
8.628102370745421e-003	-7.207550e-002
8.633686659710291e-003	-7.446285e-002
8.639753402957072e-003	-7.695246e-002
8.645650178467889e-003	-7.926522e-002
8.648876598319914e-003	-8.048480e-002
8.652180523498780e-003	-8.169939e-002
8.655855371048044e-003	-8.300895e-002
8.659590156138619e-003	-8.429453e-002
8.663084397132887e-003	-8.545530e-002
8.669236287257591e-003	-8.739849e-002
8.678141010834056e-003	-8.997922e-002
8.687906635834056e-003	-9.248543e-002
8.697672260834056e-003	-9.464354e-002
8.707437885834056e-003	-9.644543e-002
8.717203510834055e-003	-9.788433e-002
8.726969135834055e-003	-9.895482e-002
8.736734760834055e-003	-9.965286e-002
8.746500385834055e-003	-9.997582e-002
8.756266010834055e-003	-9.992251e-002
8.766031635834054e-003	-9.949310e-002
8.775797260834054e-003	-9.868923e-002
8.785562885834054e-003	-9.751391e-002
8.795328510834054e-003	-9.597158e-002
8.805094135834054e-003	-9.406803e-002
8.814859760834053e-003	-9.181042e-002
8.824625385834053e-003	-8.920726e-002
8.834391010834053e-003	-8.626835e-002
8.841027854206625e-003	-8.408499e-002
8.848508536740549e-003	-8.144896e-002
8.854566963993798e-003	-7.918197e-002
8.861161353027041e-003	-7.658415e-002
8.863618125386439e-003	-7.558246e-002
8.866407183864306e-003	-7.442348e-002
8.868217054073382e-003	-7.365914e-002
8.869269512386362e-003	-7.321028e-002
8.870264268812447e-003	-7.278310e-002
8.871238931009101e-003	-7.236177e-002
8.872258644826506e-003	-7.191808e-002
8.873347837970112e-003	-7.144089e-002
8.874081387975290e-003	-7.111762e-002
8.875018513839773e-003	-7.070245e-002
8.875946211451366e-003	-7.028904e-002
8.876930457539482e-003	-6.984781e-002
8.878235956409053e-003	-6.925847e-002
8.879839504779415e-003	-6.852818e-002
8.881582518024666e-003	-6.772651e-002
8.885269215149370e-003	-6.600421e-002
8.889259297104208e-003	-6.410030e-002
8.896001503549484e-003	-6.079228e-002
8.905767128549484e-003	-5.580903e-002
8.915532753549484e-003	-5.061573e-002
8.925298378549483e-003	-4.523193e-002
8.935064003549483e-003	-3.967788e-002
8.944829628549483e-003	-3.397449e-002
8.954595253549483e-003	-2.814323e-002
8.964360878549483e-003	-2.220605e-002
8.971694976956934e-003	-1.769097e-002
8.975151268846295e-003	-1.554956e-002
8.978846562102032e-003	-1.325200e-002
8.980852095349596e-003	-1.200198e-002
8.983212028969812e-003	-1.052864e-002
8.985691577080238e-003	-8.978141e-003
8.989708958209330e-003	-6.461548e-003
8.994956469026046e-003	-3.168414e-003
8.999309966672238e-003	-4.335594e-004
9.002456744043095e-003	1.543556e-003
9.005353180178513e-003	3.362868e-003
9.008549149932403e-003	5.369007e-003
9.013047423236158e-003	8.188758e-003
9.017833502171693e-003	1.118169e-002
9.024474200716634e-003	1.531706e-002
9.034159667298845e-003	2.129874e-002
9.043925292298844e-003	2.725003e-002
9.053690917298844e-003	3.309876e-002
9.063456542298844e-003	3.882291e-002
9.073222167298844e-003	4.440095e-002
9.082987792298844e-003	4.981186e-002
9.092753417298843e-003	5.503530e-002
9.102519042298843e-003	6.005159e-002
9.105995722763095e-003	6.178385e-002
9.107739543071942e-003	6.264166e-002
9.109456754139787e-003	6.347903e-002
9.110848098548018e-003	6.415208e-002
9.112424677146333e-003	6.490881e-002
9.114047899738782e-003	6.568127e-002
9.116189624964022e-003	6.669001e-002
9.118610357852218e-003	6.781562e-002
9.121524411095235e-003	6.914978e-002
9.126285512498731e-003	7.127950e-002
9.131490731867991e-003	7.353484e-002
9.140407932120030e-003	7.721445e-002
9.150083347705881e-003	8.093247e-002
9.159848972705881e-003	8.438191e-002
9.169614597705881e-003	8.751375e-002
9.179380222705881e-003	9.031621e-002
9.189145847705880e-003	9.277874e-002
9.198911472705880e-003	9.489208e-002
9.208677097705880e-003	9.664826e-002
9.218442722705880e-003	9.804068e-002
9.228208347705880e-003	9.906410e-002
9.237973972705879e-003	9.971466e-002
9.247739597705879e-003	9.998991e-002
9.257505222705879e-003	9.988883e-002
9.267270847705879e-003	9.941179e-002
9.277036472705879e-003	9.856059e-002
9.286802097705878e-003	9.733842e-002
9.296567722705878e-003	9.574990e-002
9.316098972705878e-003	9.149905e-002
9.325864597705878e-003	8.885271e-002
9.335630222705877e-003	8.587196e-002
9.345395847705877e-003	8.256800e-002
9.355161472705877e-003	7.895327e-002
9.361397459780194e-003	7.648867e-002
9.367528932367640e-003	7.395087e-002
9.371513942689291e-003	7.224241e-002
9.375530128080113e-003	7.047476e-002
9.378554147546736e-003	6.911411e-002
9.381195469790006e-003	6.790523e-002
9.383049219963113e-003	6.704561e-002
9.384892572680222e-003	6.618180e-002
9.387079136692818e-003	6.514566e-002
9.390232517029843e-003	6.362976e-002
9.394649203061153e-003	6.146472e-002
9.401015765817495e-003	5.826100e-002
9.409212648227729e-003	5.399972e-002
9.418978273227728e-003	4.873693e-002
9.428743898227728e-003	4.329072e-002
9.438509523227728e-003	3.768156e-002
9.448275148227728e-003	3.193058e-002
9.458040773227728e-003	2.605942e-002
9.467806398227727e-003	2.009018e-002
9.477572023227727e-003	1.404532e-002
9.483588440727124e-003	1.029342e-002
9.487118421781798e-003	8.084901e-003
9.491031566439181e-003	5.632051e-003
9.492691196278902e-003	4.590643e-003
9.495260286547725e-003	2.977610e-003
9.498124459684921e-003	1.178409e-003
9.502673367889391e-003	-1.679648e-003
9.510320645576845e-003	-6.480109e-003
9.513959800379614e-003	-8.759959e-003
9.517258710879700e-003	-1.082273e-002
9.520744296526423e-003	-1.299715e-002
9.525438822524825e-003	-1.591571e-002
9.530653569510194e-003	-1.914135e-002
9.538443205011167e-003	-2.392038e-002
9.548208830011166e-003	-2.982942e-002
9.557974455011166e-003	-3.562619e-002
9.567740080011166e-003	-4.128887e-002
9.577505705011166e-003	-4.679615e-002
9.587271330011166e-003	-5.212730e-002
9.597036955011165e-003	-5.726225e-002
9.606802580011165e-003	-6.218168e-002
9.606803474080838e-003	-6.218212e-002
9.607152076103281e-003	-6.235351e-002
9.607500678125725e-003	-6.252460e-002
9.607849280148169e-003	-6.269539e-002
9.608197882170612e-003	-6.286588e-002
9.608546484193055e-003	-6.303606e-002
9.608895086215499e-003	-6.320595e-002
9.609243688237942e-003	-6.337553e-002
9.610352546907498e-003	-6.391292e-002
9.611652918137781e-003	-6.453917e-002
9.612743707241283e-003	-6.506117e-002
9.613904109774186e-003	-6.561312e-002
9.614558569650142e-003	-6.592289e-002
9.615504796628803e-003	-6.636877e-002
9.616511734616945e-003	-6.684069e-002
9.617186834231524e-003	-6.715558e-002
9.617906594459963e-003	-6.748999e-002
9.618703047710144e-003	-6.785841e-002
9.619603019690988e-003	-6.827267e-002
9.621402963652674e-003	-6.909464e-002
9.624145706538462e-003	-7.033011e-002
9.627262366260183e-003	-7.170864e-002
9.630543477022807e-003	-7.313020e-002
9.636486677659447e-003	-7.562556e-002
9.643980105358449e-003	-7.862112e-002
9.648075141996946e-003	-8.018492e-002
9.651094150490645e-003	-8.130387e-002
9.655307393065383e-003	-8.281647e-002
9.657786587348328e-003	-8.367946e-002
9.661554251136746e-003	-8.495203e-002
9.665960936903081e-003	-8.637998e-002
9.674320773654106e-003	-8.890609e-002
9.684086398654106e-003	-9.154598e-002
9.693852023654106e-003	-9.384130e-002
9.703617648654106e-003	-9.578343e-002
9.713383273654105e-003	-9.736505e-002
9.723148898654105e-003	-9.858021e-002
9.732914523654105e-003	-9.942434e-002
9.742680148654105e-003	-9.989426e-002
9.752445773654105e-003	-9.998819e-002
9.762211398654104e-003	-9.970580e-002
9.771977023654104e-003	-9.904813e-002
9.781742648654104e-003	-9.801767e-002
9.791508273654104e-003	-9.661829e-002
9.801273898654104e-003	-9.485526e-002
9.811039523654103e-003	-9.273522e-002
9.820805148654103e-003	-9.026615e-002
9.830570773654103e-003	-8.745734e-002
9.837383462798617e-003	-8.530225e-002
9.844410733192215e-003	-8.291560e-002
9.851569598625255e-003	-8.031809e-002
9.857710282943258e-003	-7.796036e-002
9.861718418044235e-003	-7.635861e-002
9.864434421258370e-003	-7.524564e-002
9.867110974786750e-003	-7.412739e-002
9.868396778012942e-003	-7.358272e-002
9.869446203861576e-003	-7.313462e-002
9.870677058723715e-003	-7.260499e-002
9.872523521568392e-003	-7.180234e-002
9.873323190952021e-003	-7.145172e-002
9.873991738909254e-003	-7.115722e-002
9.874699397847258e-003	-7.084411e-002
9.875810772587000e-003	-7.034954e-002
9.876852909155194e-003	-6.988268e-002
9.878095114624222e-003	-6.932227e-002
9.879619526373418e-003	-6.862878e-002
9.881005504965033e-003	-6.799280e-002
9.882738361407120e-003	-6.719040e-002
9.884793037831940e-003	-6.622867e-002
9.888902390681582e-003	-6.427226e-002
9.896414921471508e-003	-6.058583e-002
9.906180546471508e-003	-5.559330e-002
9.915946171471507e-003	-5.039154e-002
9.925711796471507e-003	-4.500011e-002
9.935477421471507e-003	-3.943931e-002
9.945243046471507e-003	-3.373007e-002
9.955008671471506e-003	-2.789388e-002
9.964774296471506e-003	-2.195270e-002
9.971496352647814e-003	-1.781379e-002
9.974939967376627e-003	-1.568070e-002
9.978776689959905e-003	-1.329551e-002
9.980738998485539e-003	-1.207252e-002
9.983133600205000e-003	-1.057765e-002
9.985631043933923e-003	-9.016021e-003
9.989815475053088e-003	-6.394759e-003
9.994894880873644e-003	-3.207091e-003
1.000000000000000e-002	-2.449294e-016
