time	V(n005)
0.000000000000000e+000	5.033724e-013
5.937913226178369e-008	-1.387532e-007
1.187582645235674e-007	1.436294e-006
1.781373967853511e-007	4.725141e-006
2.375165290471348e-007	9.727789e-006
2.968956613089185e-007	1.644424e-005
3.562747935707021e-007	2.487449e-005
4.156539258324857e-007	3.501854e-005
5.219624034783151e-007	6.008673e-005
6.370082757436243e-007	9.587977e-005
7.675093728619732e-007	1.476051e-004
9.365607519197397e-007	2.315427e-004
1.144624482852178e-006	3.602035e-004
1.414146148972949e-006	5.672581e-004
1.752972134950416e-006	8.900992e-004
2.194043070779091e-006	1.411164e-003
2.760422129390348e-006	2.241506e-003
3.506132951501676e-006	3.601651e-003
4.485718614609461e-006	5.833609e-003
5.802360401793925e-006	9.602427e-003
7.592692609389658e-006	1.608793e-002
1.011555552763926e-005	2.776724e-002
1.385342266844780e-005	5.024025e-002
2.013931233399036e-005	9.893966e-002
2.859665233192515e-005	1.799978e-001
3.836227733192516e-005	2.851285e-001
4.812790233192516e-005	3.805433e-001
5.789352733192516e-005	4.451424e-001
6.619465794990041e-005	4.741194e-001
7.500389726839434e-005	4.898326e-001
8.476952226839433e-005	5.005859e-001
9.453514726839433e-005	5.080792e-001
1.043007722683943e-004	5.137373e-001
1.140663972683943e-004	5.183110e-001
1.238320222683943e-004	5.220743e-001
1.335976472683943e-004	5.251771e-001
1.433632722683943e-004	5.277243e-001
1.531288972683943e-004	5.297908e-001
1.628945222683944e-004	5.314308e-001
1.726601472683944e-004	5.326840e-001
1.824257722683944e-004	5.335791e-001
1.921913972683944e-004	5.341364e-001
2.019570222683944e-004	5.343692e-001
2.117226472683944e-004	5.342851e-001
2.214882722683944e-004	5.338858e-001
2.312538972683944e-004	5.331680e-001
2.410195222683944e-004	5.321231e-001
2.507851472683944e-004	5.307361e-001
2.605507722683944e-004	5.289857e-001
2.703163972683944e-004	5.268419e-001
2.800820222683945e-004	5.242643e-001
2.898476472683945e-004	5.211987e-001
2.996132722683945e-004	5.175722e-001
3.093788972683945e-004	5.132841e-001
3.191445222683945e-004	5.081945e-001
3.289101472683945e-004	5.021039e-001
3.386757722683945e-004	4.947164e-001
3.484413972683945e-004	4.855698e-001
3.582070222683945e-004	4.739007e-001
3.679726472683945e-004	4.583612e-001
3.777382722683945e-004	4.362976e-001
3.875038972683946e-004	4.029701e-001
3.972695222683946e-004	3.521605e-001
4.070351472683946e-004	2.794750e-001
4.168007722683946e-004	1.854810e-001
4.265663972683946e-004	7.426194e-002
4.363320222683946e-004	-4.982025e-002
4.460976472683946e-004	-1.823035e-001
4.558632722683946e-004	-3.122857e-001
4.641061161518860e-004	-3.997901e-001
4.726574255284670e-004	-4.550050e-001
4.798669036006259e-004	-4.789215e-001
4.877378928687326e-004	-4.928340e-001
4.975035178687327e-004	-5.039667e-001
5.072691428687327e-004	-5.121133e-001
5.170347678687327e-004	-5.185199e-001
5.268003928687327e-004	-5.238572e-001
5.365660178687327e-004	-5.284406e-001
5.380043630966554e-004	-5.290950e-001
5.394427083245781e-004	-5.297320e-001
5.408810535525009e-004	-5.303518e-001
5.423193987804235e-004	-5.309543e-001
5.437577440083462e-004	-5.315394e-001
5.451960892362689e-004	-5.321073e-001
5.466344344641917e-004	-5.326578e-001
5.469396102454417e-004	-5.327723e-001
5.475499618079417e-004	-5.329993e-001
5.487706649329417e-004	-5.334473e-001
5.502863493808304e-004	-5.339942e-001
5.518725864107041e-004	-5.345561e-001
5.527217455715653e-004	-5.348517e-001
5.533788772019481e-004	-5.350777e-001
5.540650034938470e-004	-5.353114e-001
5.549822840073401e-004	-5.356114e-001
5.556882987067767e-004	-5.358044e-001
5.566231305973057e-004	-5.359953e-001
5.574984454801855e-004	-5.361422e-001
5.584215879998020e-004	-5.362824e-001
5.602678730390349e-004	-5.365441e-001
5.633423616245628e-004	-5.369868e-001
5.666486134474926e-004	-5.375398e-001
5.704881141554526e-004	-5.383176e-001
5.761823274635244e-004	-5.396087e-001
5.820862945219061e-004	-5.409762e-001
5.900066014790934e-004	-5.426968e-001
5.941970081952315e-004	-5.433901e-001
5.984183217261242e-004	-5.437873e-001
6.024191835172640e-004	-5.439703e-001
6.066646169594058e-004	-5.440697e-001
6.110857328698576e-004	-5.441303e-001
6.189629620566119e-004	-5.441923e-001
6.287285870566119e-004	-5.442326e-001
6.384942120566119e-004	-5.442500e-001
6.482598370566120e-004	-5.442557e-001
6.580254620566120e-004	-5.442560e-001
6.775567120566120e-004	-5.442492e-001
6.970879620566120e-004	-5.442379e-001
7.166192120566120e-004	-5.442222e-001
7.361504620566120e-004	-5.441914e-001
7.459160870566120e-004	-5.441587e-001
7.556817120566120e-004	-5.440942e-001
7.654473370566121e-004	-5.439453e-001
7.752129620566121e-004	-5.435880e-001
7.819474408631575e-004	-5.429766e-001
7.899613562652261e-004	-5.416196e-001
7.974706432497587e-004	-5.398126e-001
8.040747679928612e-004	-5.379423e-001
8.072105352893590e-004	-5.370983e-001
8.096345525574856e-004	-5.365973e-001
8.120394204648905e-004	-5.362322e-001
8.135382750516305e-004	-5.360249e-001
8.146642886390665e-004	-5.358334e-001
8.158353310138548e-004	-5.355831e-001
8.168472976533742e-004	-5.353413e-001
8.178099569759906e-004	-5.350938e-001
8.186243045273687e-004	-5.348716e-001
8.193417075076575e-004	-5.346660e-001
8.200901464793340e-004	-5.344418e-001
8.211184467991237e-004	-5.341205e-001
8.223225988234072e-004	-5.337270e-001
8.235388665765673e-004	-5.333101e-001
8.250554517328611e-004	-5.327665e-001
8.263223614611178e-004	-5.322924e-001
8.302984126304596e-004	-5.306874e-001
8.346505350340434e-004	-5.287247e-001
8.433547798412110e-004	-5.243289e-001
8.531204048412110e-004	-5.186592e-001
8.628860298412110e-004	-5.119857e-001
8.726516548412110e-004	-5.039961e-001
8.824172798412110e-004	-4.942074e-001
8.921829048412110e-004	-4.817962e-001
9.019485298412110e-004	-4.652585e-001
9.117141548412110e-004	-4.414614e-001
9.214797798412110e-004	-4.045307e-001
9.312454048412110e-004	-3.468361e-001
9.410110298412111e-004	-2.637506e-001
9.507766548412111e-004	-1.572245e-001
9.605422798412111e-004	-3.292609e-002
9.703079048412111e-004	1.036650e-001
9.800735298412110e-004	2.443250e-001
9.898391548412110e-004	3.684088e-001
9.982870916897071e-004	4.404948e-001
1.005754437893775e-003	4.731949e-001
1.013658433873735e-003	4.902604e-001
1.023424058873735e-003	5.026560e-001
1.033189683873735e-003	5.111791e-001
1.042955308873735e-003	5.176784e-001
1.052720933873735e-003	5.229850e-001
1.062486558873735e-003	5.274559e-001
1.072252183873735e-003	5.312848e-001
1.082017808873735e-003	5.346178e-001
1.085733451696233e-003	5.356627e-001
1.087722117106163e-003	5.360541e-001
1.089671577821001e-003	5.363067e-001
1.091673793758804e-003	5.364951e-001
1.093620823147880e-003	5.366377e-001
1.095878448640997e-003	5.367758e-001
1.098105414547983e-003	5.368904e-001
1.100514363591402e-003	5.369962e-001
1.103198353746253e-003	5.370980e-001
1.108566334055955e-003	5.372693e-001
1.113698315575905e-003	5.374004e-001
1.121487596571113e-003	5.375537e-001
1.129060963135320e-003	5.376664e-001
1.138826588135320e-003	5.377719e-001
1.148592213135320e-003	5.378479e-001
1.158357838135320e-003	5.379007e-001
1.168123463135320e-003	5.379362e-001
1.187654713135320e-003	5.379665e-001
1.207185963135320e-003	5.379497e-001
1.226717213135320e-003	5.378817e-001
1.236482838135320e-003	5.378227e-001
1.246248463135320e-003	5.377396e-001
1.256014088135320e-003	5.376227e-001
1.265779713135320e-003	5.374566e-001
1.275545338135320e-003	5.372190e-001
1.285310963135320e-003	5.368661e-001
1.293835196705025e-003	5.363954e-001
1.300080659784420e-003	5.358569e-001
1.303800602342870e-003	5.353219e-001
1.307327937682958e-003	5.345606e-001
1.310790818495117e-003	5.335978e-001
1.315652987320430e-003	5.319871e-001
1.321793256612675e-003	5.296164e-001
1.330919700144843e-003	5.255299e-001
1.340685325144843e-003	5.204531e-001
1.350450950144843e-003	5.144967e-001
1.360216575144843e-003	5.074293e-001
1.369982200144843e-003	4.988895e-001
1.379747825144843e-003	4.882864e-001
1.389513450144843e-003	4.745956e-001
1.399279075144843e-003	4.559010e-001
1.409044700144843e-003	4.282003e-001
1.418810325144843e-003	3.846721e-001
1.428575950144843e-003	3.183963e-001
1.438341575144843e-003	2.272904e-001
1.448107200144843e-003	1.150650e-001
1.457872825144843e-003	-1.267396e-002
1.467638450144843e-003	-1.507103e-001
1.477404075144843e-003	-2.889490e-001
1.485842211826330e-003	-3.874241e-001
1.494658341033255e-003	-4.518908e-001
1.501636469128721e-003	-4.778807e-001
1.509308842678893e-003	-4.923788e-001
1.519074467678893e-003	-5.039074e-001
1.528840092678893e-003	-5.121369e-001
1.538605717678893e-003	-5.184714e-001
1.548371342678893e-003	-5.236772e-001
1.558136967678893e-003	-5.281044e-001
1.567902592678893e-003	-5.319781e-001
1.572301258165235e-003	-5.335704e-001
1.572327951621213e-003	-5.335782e-001
1.572577090543677e-003	-5.336605e-001
1.572861820740779e-003	-5.337555e-001
1.573431281134983e-003	-5.339441e-001
1.574570201923391e-003	-5.343173e-001
1.575431049968044e-003	-5.345955e-001
1.576180255610816e-003	-5.348345e-001
1.577209218921728e-003	-5.351582e-001
1.578313495464588e-003	-5.354988e-001
1.579151938042108e-003	-5.357317e-001
1.579899424758866e-003	-5.358889e-001
1.580649474008039e-003	-5.360087e-001
1.581547094127671e-003	-5.361366e-001
1.582784009779037e-003	-5.362983e-001
1.584980812681971e-003	-5.365661e-001
1.587094151705966e-003	-5.368198e-001
1.590457167443668e-003	-5.372698e-001
1.594266938602083e-003	-5.378935e-001
1.598719637465292e-003	-5.387403e-001
1.606501988496086e-003	-5.402934e-001
1.613687196292571e-003	-5.416610e-001
1.621911170305298e-003	-5.429842e-001
1.627192956873715e-003	-5.435340e-001
1.633774410901858e-003	-5.438622e-001
1.637749802489959e-003	-5.439571e-001
1.643443192023610e-003	-5.440277e-001
1.651089473792224e-003	-5.440854e-001
1.660855098792224e-003	-5.441260e-001
1.670620723792224e-003	-5.441453e-001
1.680386348792224e-003	-5.441513e-001
1.699917598792224e-003	-5.441363e-001
1.709683223792224e-003	-5.441139e-001
1.719448848792224e-003	-5.440750e-001
1.729214473792224e-003	-5.440050e-001
1.738980098792224e-003	-5.438665e-001
1.748745723792224e-003	-5.435598e-001
1.757289782137518e-003	-5.429485e-001
1.766408053637899e-003	-5.417391e-001
1.775879753838667e-003	-5.399167e-001
1.784006711668364e-003	-5.380550e-001
1.788663889909199e-003	-5.370249e-001
1.791545316654300e-003	-5.365390e-001
1.794555827914401e-003	-5.361754e-001
1.796301200306019e-003	-5.359853e-001
1.797366502048364e-003	-5.358399e-001
1.798877256365366e-003	-5.355722e-001
1.800151686635512e-003	-5.353130e-001
1.801401474322255e-003	-5.350331e-001
1.802385085323663e-003	-5.347963e-001
1.803254191326380e-003	-5.345747e-001
1.804135110678761e-003	-5.343392e-001
1.805188203199545e-003	-5.340433e-001
1.807078860955862e-003	-5.334838e-001
1.808572032436739e-003	-5.330179e-001
1.810252607907519e-003	-5.324658e-001
1.812076559397702e-003	-5.318386e-001
1.818059510178213e-003	-5.295501e-001
1.825945688580540e-003	-5.261093e-001
1.835711313580540e-003	-5.212518e-001
1.845476938580540e-003	-5.155914e-001
1.855242563580540e-003	-5.088967e-001
1.865008188580540e-003	-5.008489e-001
1.874773813580540e-003	-4.909356e-001
1.884539438580540e-003	-4.782871e-001
1.894305063580540e-003	-4.613143e-001
1.904070688580540e-003	-4.367294e-001
1.913836313580540e-003	-3.985642e-001
1.923601938580540e-003	-3.395571e-001
1.933367563580540e-003	-2.558195e-001
1.943133188580540e-003	-1.496378e-001
1.952898813580540e-003	-2.643399e-002
1.962664438580540e-003	1.086623e-001
1.972430063580540e-003	2.475771e-001
1.982195688580540e-003	3.697175e-001
1.990741734434573e-003	4.413871e-001
1.998232901943552e-003	4.736095e-001
2.006480207882170e-003	4.909976e-001
2.015713001685074e-003	5.025506e-001
2.025478626685074e-003	5.111002e-001
2.035244251685073e-003	5.176572e-001
2.045009876685073e-003	5.230159e-001
2.054775501685073e-003	5.275658e-001
2.064541126685073e-003	5.314781e-001
2.074306751685072e-003	5.348533e-001
2.078044052462142e-003	5.358649e-001
2.080112756991815e-003	5.362310e-001
2.082152354195981e-003	5.364637e-001
2.083613498970626e-003	5.365882e-001
2.085733658961391e-003	5.367357e-001
2.087821589948624e-003	5.368575e-001
2.090848049523642e-003	5.370040e-001
2.094859852517028e-003	5.371680e-001
2.098514693916035e-003	5.372915e-001
2.102924192867315e-003	5.374133e-001
2.108704868671561e-003	5.375431e-001
2.117061002720532e-003	5.376871e-001
2.126826627720532e-003	5.378099e-001
2.136592252720532e-003	5.378973e-001
2.146357877720532e-003	5.379598e-001
2.156123502720531e-003	5.380043e-001
2.175654752720531e-003	5.380542e-001
2.195186002720530e-003	5.380620e-001
2.214717252720530e-003	5.380302e-001
2.234248502720530e-003	5.379520e-001
2.244014127720529e-003	5.378891e-001
2.253779752720529e-003	5.378027e-001
2.263545377720529e-003	5.376821e-001
2.273311002720529e-003	5.375102e-001
2.281769680190011e-003	5.373014e-001
2.289386060704422e-003	5.370536e-001
2.294457027496655e-003	5.368337e-001
2.299438613326378e-003	5.365415e-001
2.304578929255680e-003	5.361432e-001
2.308122330631367e-003	5.357580e-001
2.310497086412538e-003	5.353753e-001
2.312676330478925e-003	5.348887e-001
2.316196051064213e-003	5.339157e-001
2.319877854406112e-003	5.327089e-001
2.325813112977980e-003	5.304352e-001
2.333090861696048e-003	5.272079e-001
2.342856486696048e-003	5.221851e-001
2.352622111696047e-003	5.163231e-001
2.362387736696047e-003	5.093811e-001
2.372153361696047e-003	5.010250e-001
2.381918986696047e-003	4.907038e-001
2.391684611696047e-003	4.774677e-001
2.401450236696046e-003	4.595531e-001
2.411215861696046e-003	4.332606e-001
2.420981486696046e-003	3.920280e-001
2.430747111696046e-003	3.285452e-001
2.440512736696046e-003	2.398201e-001
2.450278361696045e-003	1.290884e-001
2.460043986696045e-003	2.079476e-003
2.469809611696045e-003	-1.358996e-001
2.479575236696045e-003	-2.743204e-001
2.489340861696044e-003	-3.891118e-001
2.498192706600915e-003	-4.538269e-001
2.505220442479134e-003	-4.791257e-001
2.512971934663653e-003	-4.932989e-001
2.522737559663652e-003	-5.045293e-001
2.532503184663652e-003	-5.125861e-001
2.542268809663652e-003	-5.188123e-001
2.552034434663652e-003	-5.239354e-001
2.561800059663652e-003	-5.282901e-001
2.571565684663651e-003	-5.321046e-001
2.575409118267138e-003	-5.334760e-001
2.575412675741484e-003	-5.334770e-001
2.575585467352563e-003	-5.335336e-001
2.575758258963641e-003	-5.335902e-001
2.575931050574719e-003	-5.336468e-001
2.576103842185798e-003	-5.337035e-001
2.576276633796876e-003	-5.337602e-001
2.576449425407955e-003	-5.338169e-001
2.576622217019033e-003	-5.338736e-001
2.577836501595710e-003	-5.342666e-001
2.578719189599471e-003	-5.345483e-001
2.579450723857298e-003	-5.347784e-001
2.580028186443041e-003	-5.349583e-001
2.581479969467281e-003	-5.354037e-001
2.582426698558353e-003	-5.356725e-001
2.583179970628770e-003	-5.358413e-001
2.583988909746341e-003	-5.359769e-001
2.584989359346375e-003	-5.361208e-001
2.586033547957487e-003	-5.362549e-001
2.588121925179711e-003	-5.365005e-001
2.590408495810792e-003	-5.367695e-001
2.594306519644090e-003	-5.372911e-001
2.599457563072600e-003	-5.381327e-001
2.604233778877567e-003	-5.390278e-001
2.611843376006361e-003	-5.404996e-001
2.619784243601678e-003	-5.419301e-001
2.627633743875110e-003	-5.430765e-001
2.633314167216115e-003	-5.435876e-001
2.639933009211151e-003	-5.438644e-001
2.644298524820368e-003	-5.439520e-001
2.650229911143050e-003	-5.440152e-001
2.659761863719645e-003	-5.440747e-001
2.669527488719645e-003	-5.441062e-001
2.679293113719645e-003	-5.441179e-001
2.689058738719645e-003	-5.441168e-001
2.698824363719645e-003	-5.441045e-001
2.708589988719644e-003	-5.440786e-001
2.718355613719644e-003	-5.440317e-001
2.728121238719644e-003	-5.439453e-001
2.737886863719644e-003	-5.437685e-001
2.747652488719644e-003	-5.433707e-001
2.756362935121973e-003	-5.426177e-001
2.765474025551057e-003	-5.412802e-001
2.775239650551056e-003	-5.393327e-001
2.784347832710822e-003	-5.373168e-001
2.787893383412640e-003	-5.366772e-001
2.792348456796751e-003	-5.361161e-001
2.792367596692100e-003	-5.361140e-001
2.792433219190441e-003	-5.361075e-001
2.792520715854896e-003	-5.360990e-001
2.792695709183805e-003	-5.360827e-001
2.793045695841623e-003	-5.360512e-001
2.793745669157259e-003	-5.359833e-001
2.794482110666527e-003	-5.358924e-001
2.795356163175541e-003	-5.357562e-001
2.796181344734281e-003	-5.356092e-001
2.797223945427269e-003	-5.354021e-001
2.799309146813245e-003	-5.349465e-001
2.800347173764567e-003	-5.346985e-001
2.801740725231432e-003	-5.343379e-001
2.803089201011307e-003	-5.339691e-001
2.804337227970730e-003	-5.336092e-001
2.805709172314732e-003	-5.331936e-001
2.807308640203517e-003	-5.326873e-001
2.808820238913039e-003	-5.321872e-001
2.813514202205093e-003	-5.305014e-001
2.818843916411388e-003	-5.283462e-001
2.828609541411388e-003	-5.239038e-001
2.838375166411388e-003	-5.187812e-001
2.848140791411388e-003	-5.127586e-001
2.857906416411388e-003	-5.055940e-001
2.867672041411387e-003	-4.969044e-001
2.877437666411387e-003	-4.860643e-001
2.887203291411387e-003	-4.719832e-001
2.896968916411387e-003	-4.524974e-001
2.906734541411386e-003	-4.234234e-001
2.916500166411386e-003	-3.780374e-001
2.926265791411386e-003	-3.097018e-001
2.936031416411386e-003	-2.169288e-001
2.945797041411386e-003	-1.037823e-001
2.955562666411385e-003	2.428690e-002
2.965328291411385e-003	1.621162e-001
2.975093916411385e-003	2.990468e-001
2.983316375476608e-003	3.927530e-001
2.991918456533591e-003	4.533946e-001
2.998816160247738e-003	4.782687e-001
3.006445299144837e-003	4.924891e-001
3.016210924144836e-003	5.039693e-001
3.025976549144836e-003	5.121956e-001
3.035742174144836e-003	5.185448e-001
3.045507799144836e-003	5.237722e-001
3.055273424144835e-003	5.282245e-001
3.065039049144835e-003	5.320590e-001
3.074804674144835e-003	5.353130e-001
3.078148416593058e-003	5.360858e-001
3.080861775432678e-003	5.364435e-001
3.082486402284554e-003	5.365911e-001
3.084506019654013e-003	5.367353e-001
3.086487787067000e-003	5.368537e-001
3.088944032182186e-003	5.369784e-001
3.091710602197422e-003	5.370988e-001
3.095128158742120e-003	5.372251e-001
3.099376405049071e-003	5.373569e-001
3.104403047040275e-003	5.374828e-001
3.112548940163615e-003	5.376406e-001
3.121634790996004e-003	5.377725e-001
3.131400415996004e-003	5.378742e-001
3.141166040996004e-003	5.379463e-001
3.150931665996004e-003	5.379981e-001
3.160697290996003e-003	5.380347e-001
3.180228540996003e-003	5.380728e-001
3.199759790996003e-003	5.380712e-001
3.219291040996002e-003	5.380301e-001
3.238822290996002e-003	5.379404e-001
3.248587915996002e-003	5.378694e-001
3.258353540996001e-003	5.377716e-001
3.268119165996001e-003	5.376339e-001
3.277884790996001e-003	5.374361e-001
3.287650415996001e-003	5.371579e-001
3.293383673474777e-003	5.369320e-001
3.299679987247090e-003	5.366038e-001
3.303614034662479e-003	5.363225e-001
3.308062354720751e-003	5.358822e-001
3.310676675977708e-003	5.355079e-001
3.313219644050926e-003	5.349860e-001
3.316017201258743e-003	5.342412e-001
3.319739106812171e-003	5.330619e-001
3.323738404559335e-003	5.315948e-001
3.330971632863575e-003	5.285240e-001
3.340387780632806e-003	5.239041e-001
3.350153405632805e-003	5.183107e-001
3.359919030632805e-003	5.117148e-001
3.369684655632805e-003	5.038232e-001
3.379450280632805e-003	4.941624e-001
3.389215905632805e-003	4.819316e-001
3.398981530632804e-003	4.656766e-001
3.408747155632804e-003	4.423878e-001
3.418512780632804e-003	4.064001e-001
3.428278405632804e-003	3.501778e-001
3.438044030632804e-003	2.688556e-001
3.447809655632803e-003	1.640250e-001
3.457575280632803e-003	4.119420e-002
3.467340905632803e-003	-9.420963e-002
3.477106530632803e-003	-2.346586e-001
3.486872155632803e-003	-3.608870e-001
3.495237730911689e-003	-4.346009e-001
3.503772795852752e-003	-4.731980e-001
3.511708431104619e-003	-4.906531e-001
3.521474056104619e-003	-5.028754e-001
3.531239681104619e-003	-5.113317e-001
3.541005306104619e-003	-5.178091e-001
3.550770931104618e-003	-5.231099e-001
3.560536556104618e-003	-5.275827e-001
3.570302181104618e-003	-5.314911e-001
3.574318493470567e-003	-5.329421e-001
3.576743292540709e-003	-5.337566e-001
3.579218720779446e-003	-5.345561e-001
3.580590076503171e-003	-5.349866e-001
3.581593651209041e-003	-5.352950e-001
3.582575044340902e-003	-5.355822e-001
3.583405474875932e-003	-5.357828e-001
3.584535343635046e-003	-5.359837e-001
3.585523644546540e-003	-5.361265e-001
3.586550451055513e-003	-5.362577e-001
3.588604064073460e-003	-5.364971e-001
3.591373543819884e-003	-5.368171e-001
3.594460195162581e-003	-5.372231e-001
3.598924660948991e-003	-5.379384e-001
3.603336437027841e-003	-5.387507e-001
3.610967984631398e-003	-5.402209e-001
3.619005914867642e-003	-5.416690e-001
3.628771539867641e-003	-5.430954e-001
3.634717328730023e-003	-5.436192e-001
3.641536255196079e-003	-5.438794e-001
3.646106408056364e-003	-5.439619e-001
3.652184393879343e-003	-5.440207e-001
3.661950018879343e-003	-5.440757e-001
3.671715643879343e-003	-5.441035e-001
3.681481268879343e-003	-5.441126e-001
3.691246893879343e-003	-5.441091e-001
3.701012518879342e-003	-5.440937e-001
3.710778143879342e-003	-5.440633e-001
3.720543768879342e-003	-5.440079e-001
3.730309393879342e-003	-5.439037e-001
3.740075018879342e-003	-5.436809e-001
3.749840643879341e-003	-5.431594e-001
3.759606268879341e-003	-5.421238e-001
3.768478059045983e-003	-5.406553e-001
3.777185882549212e-003	-5.388175e-001
3.784037666855901e-003	-5.372738e-001
3.786900601557109e-003	-5.367505e-001
3.791151807028365e-003	-5.361938e-001
3.791152961309053e-003	-5.361937e-001
3.791194845208288e-003	-5.361896e-001
3.791236729107523e-003	-5.361856e-001
3.791278613006758e-003	-5.361815e-001
3.791320496905994e-003	-5.361774e-001
3.791362380805229e-003	-5.361733e-001
3.791404264704464e-003	-5.361692e-001
3.791446148603699e-003	-5.361651e-001
3.792332636171764e-003	-5.360827e-001
3.793514619595851e-003	-5.359672e-001
3.794340642894845e-003	-5.358615e-001
3.795390241634996e-003	-5.356899e-001
3.796409887961544e-003	-5.355014e-001
3.797454728189456e-003	-5.352859e-001
3.799544408645280e-003	-5.348134e-001
3.800557427302088e-003	-5.345653e-001
3.801671030632141e-003	-5.342717e-001
3.803303598221177e-003	-5.338162e-001
3.804975378264663e-003	-5.333209e-001
3.807051799446465e-003	-5.326693e-001
3.808865623879185e-003	-5.320700e-001
3.813617434735576e-003	-5.303527e-001
3.819215727435896e-003	-5.280743e-001
3.828981352435896e-003	-5.235987e-001
3.838746977435895e-003	-5.184338e-001
3.848512602435895e-003	-5.123589e-001
3.858278227435895e-003	-5.051254e-001
3.868043852435895e-003	-4.963406e-001
3.877809477435895e-003	-4.853613e-001
3.887575102435894e-003	-4.710614e-001
3.897340727435894e-003	-4.511977e-001
3.907106352435894e-003	-4.214424e-001
3.916871977435894e-003	-3.749739e-001
3.926637602435894e-003	-3.053246e-001
3.936403227435894e-003	-2.113590e-001
3.946168852435894e-003	-9.732162e-002
3.955934477435893e-003	3.136302e-002
3.965700102435893e-003	1.694654e-001
3.975465727435893e-003	3.058227e-001
3.983546090272135e-003	3.965121e-001
3.992001960527709e-003	4.545713e-001
3.998894241107132e-003	4.787976e-001
4.006497290033029e-003	4.927684e-001
4.016262915033029e-003	5.041474e-001
4.026028540033029e-003	5.123272e-001
4.035794165033029e-003	5.186524e-001
4.045559790033028e-003	5.238646e-001
4.055325415033028e-003	5.283053e-001
4.065091040033028e-003	5.321304e-001
4.074856665033028e-003	5.353794e-001
4.077986092402274e-003	5.360940e-001
4.080748097205622e-003	5.364501e-001
4.082352249251623e-003	5.365952e-001
4.084349674730542e-003	5.367379e-001
4.086164435433665e-003	5.368472e-001
4.088442626829564e-003	5.369647e-001
4.090867553451916e-003	5.370731e-001
4.093773064303602e-003	5.371854e-001
4.097511982334197e-003	5.373088e-001
4.102028505887357e-003	5.374326e-001
4.108738890632967e-003	5.375782e-001
4.117528885434390e-003	5.377232e-001
4.127294510434389e-003	5.378399e-001
4.137060135434389e-003	5.379225e-001
4.146825760434389e-003	5.379817e-001
4.156591385434389e-003	5.380241e-001
4.176122635434388e-003	5.380713e-001
4.195653885434388e-003	5.380777e-001
4.215185135434387e-003	5.380453e-001
4.234716385434387e-003	5.379676e-001
4.244482010434387e-003	5.379054e-001
4.254247635434387e-003	5.378203e-001
4.264013260434386e-003	5.377019e-001
4.273778885434386e-003	5.375330e-001
4.283544510434386e-003	5.372928e-001
4.290234010841798e-003	5.370652e-001
4.296278475682419e-003	5.367946e-001
4.300758813445829e-003	5.365378e-001
4.305191981155979e-003	5.362154e-001
4.307824057578612e-003	5.359507e-001
4.310435287864392e-003	5.355771e-001
4.312654506602240e-003	5.351422e-001
4.314825925147052e-003	5.345963e-001
4.318391657606203e-003	5.335348e-001
4.322017201074216e-003	5.322721e-001
4.329207245609848e-003	5.293655e-001
4.336758804339280e-003	5.258415e-001
4.346524429339280e-003	5.205459e-001
4.356290054339279e-003	5.143580e-001
4.366055679339279e-003	5.069996e-001
4.375821304339279e-003	4.980790e-001
4.385586929339279e-003	4.869446e-001
4.395352554339278e-003	4.724462e-001
4.405118179339278e-003	4.522680e-001
4.414883804339278e-003	4.218968e-001
4.424649429339278e-003	3.742012e-001
4.434415054339278e-003	3.025527e-001
4.444180679339277e-003	2.060525e-001
4.453946304339277e-003	8.932877e-002
4.463711929339277e-003	-4.193111e-002
4.473477554339277e-003	-1.820340e-001
4.483243179339277e-003	-3.183187e-001
4.491171559378549e-003	-4.049059e-001
4.499317860751699e-003	-4.577278e-001
4.506246996103783e-003	-4.805656e-001
4.513840288515887e-003	-4.939211e-001
4.523605913515887e-003	-5.049173e-001
4.533371538515887e-003	-5.128700e-001
4.543137163515887e-003	-5.190383e-001
4.552902788515886e-003	-5.241215e-001
4.562668413515886e-003	-5.284437e-001
4.572434038515886e-003	-5.322266e-001
4.576524850177834e-003	-5.336603e-001
4.578584685456120e-003	-5.343379e-001
4.578596191238561e-003	-5.343418e-001
4.578757272192745e-003	-5.343934e-001
4.578941364711812e-003	-5.344519e-001
4.579309549749947e-003	-5.345680e-001
4.579947290850224e-003	-5.347677e-001
4.580346536438986e-003	-5.348920e-001
4.581734241099574e-003	-5.353174e-001
4.582977190704771e-003	-5.356691e-001
4.583819062369348e-003	-5.358542e-001
4.584674053635216e-003	-5.359926e-001
4.585972907307399e-003	-5.361727e-001
4.587272398197056e-003	-5.363354e-001
4.589871379976370e-003	-5.366392e-001
4.592344810958722e-003	-5.369324e-001
4.595629087237225e-003	-5.373797e-001
4.599478889444096e-003	-5.380199e-001
4.605821397910570e-003	-5.392143e-001
4.612458490860470e-003	-5.404836e-001
4.621910472479235e-003	-5.421517e-001
4.629354600293965e-003	-5.431758e-001
4.635283188694933e-003	-5.436484e-001
4.641855247365665e-003	-5.438817e-001
4.647127386787573e-003	-5.439708e-001
4.653005357431195e-003	-5.440250e-001
4.662770982431195e-003	-5.440766e-001
4.672536607431195e-003	-5.441027e-001
4.682302232431194e-003	-5.441108e-001
4.692067857431194e-003	-5.441063e-001
4.701833482431194e-003	-5.440898e-001
4.711599107431194e-003	-5.440576e-001
4.721364732431193e-003	-5.439991e-001
4.731130357431193e-003	-5.438882e-001
4.740895982431193e-003	-5.436472e-001
4.750661607431193e-003	-5.430863e-001
4.760427232431193e-003	-5.419912e-001
4.769609583817451e-003	-5.404164e-001
4.778211818809186e-003	-5.385683e-001
4.783971106051969e-003	-5.372679e-001
4.786802133976617e-003	-5.367501e-001
4.790712688458316e-003	-5.362487e-001
4.792752048461644e-003	-5.360329e-001
4.794069249508443e-003	-5.358797e-001
4.795336019591832e-003	-5.356848e-001
4.796627880277898e-003	-5.354442e-001
4.797867884404521e-003	-5.351850e-001
4.799518201935350e-003	-5.348077e-001
4.800491771036477e-003	-5.345683e-001
4.801481821485563e-003	-5.343088e-001
4.802968884046751e-003	-5.338968e-001
4.804747661771826e-003	-5.333752e-001
4.806536887453347e-003	-5.328199e-001
4.808391562096869e-003	-5.322133e-001
4.810374800623625e-003	-5.315316e-001
4.812811157602655e-003	-5.306425e-001
4.817683871560716e-003	-5.286968e-001
4.827429299476837e-003	-5.243292e-001
4.837194924476837e-003	-5.192908e-001
4.846960549476836e-003	-5.133719e-001
4.856726174476836e-003	-5.063414e-001
4.866491799476836e-003	-4.978339e-001
4.876257424476836e-003	-4.872563e-001
4.886023049476836e-003	-4.735821e-001
4.895788674476835e-003	-4.548973e-001
4.905554299476835e-003	-4.272257e-001
4.915319924476835e-003	-3.838490e-001
4.925085549476835e-003	-3.179939e-001
4.934851174476835e-003	-2.276215e-001
4.944616799476834e-003	-1.163390e-001
4.954382424476834e-003	1.038898e-002
4.964148049476834e-003	1.474963e-001
4.973913674476834e-003	2.852042e-001
4.982501883598668e-003	3.855767e-001
4.991446901396164e-003	4.513925e-001
4.998501937742666e-003	4.777919e-001
5.006234168680540e-003	4.923966e-001
5.015999793680540e-003	5.039152e-001
5.025765418680540e-003	5.121547e-001
5.035531043680539e-003	5.185124e-001
5.045296668680539e-003	5.237462e-001
5.055062293680539e-003	5.282039e-001
5.064827918680539e-003	5.320431e-001
5.074593543680539e-003	5.353076e-001
5.077872921584835e-003	5.360744e-001
5.080475207127780e-003	5.364254e-001
5.082109087063047e-003	5.365774e-001
5.084117727857758e-003	5.367239e-001
5.086226680783448e-003	5.368515e-001
5.088818660415338e-003	5.369834e-001
5.091926886692026e-003	5.371171e-001
5.095896529119688e-003	5.372593e-001
5.100876650554579e-003	5.374050e-001
5.107301288998888e-003	5.375522e-001
5.117066913998888e-003	5.377191e-001
5.126702494973252e-003	5.378364e-001
5.136468119973252e-003	5.379200e-001
5.146233744973252e-003	5.379804e-001
5.155999369973251e-003	5.380237e-001
5.175530619973251e-003	5.380722e-001
5.195061869973251e-003	5.380797e-001
5.214593119973250e-003	5.380486e-001
5.234124369973250e-003	5.379725e-001
5.243889994973250e-003	5.379114e-001
5.253655619973249e-003	5.378281e-001
5.263421244973249e-003	5.377121e-001
5.273186869973249e-003	5.375493e-001
5.280684704721466e-003	5.373751e-001
5.288627238284726e-003	5.371348e-001
5.293308876727982e-003	5.369495e-001
5.299862617954837e-003	5.366031e-001
5.304155252431410e-003	5.362870e-001
5.308594381193697e-003	5.358316e-001
5.311066880727243e-003	5.354561e-001
5.313563558895297e-003	5.349191e-001
5.316230905052223e-003	5.341991e-001
5.320083731569576e-003	5.329656e-001
5.325099077305211e-003	5.310927e-001
5.332521439233716e-003	5.278669e-001
5.342287064233716e-003	5.229405e-001
5.352052689233716e-003	5.171810e-001
5.361818314233715e-003	5.103687e-001
5.371583939233715e-003	5.021888e-001
5.381349564233715e-003	4.921216e-001
5.391115189233715e-003	4.792768e-001
5.400880814233715e-003	4.620151e-001
5.410646439233714e-003	4.369090e-001
5.420412064233714e-003	3.977159e-001
5.430177689233714e-003	3.369649e-001
5.439943314233714e-003	2.509194e-001
5.449708939233714e-003	1.422511e-001
5.459474564233713e-003	1.666085e-002
5.469240189233713e-003	-1.205146e-001
5.479005814233713e-003	-2.599986e-001
5.488771439233713e-003	-3.781215e-001
5.498222979599544e-003	-4.508421e-001
5.505537416640696e-003	-4.786449e-001
5.513467759768630e-003	-4.933488e-001
5.523233384768630e-003	-5.045623e-001
5.532999009768630e-003	-5.126030e-001
5.542764634768630e-003	-5.188208e-001
5.552530259768629e-003	-5.239373e-001
5.562295884768629e-003	-5.282857e-001
5.572061509768629e-003	-5.320919e-001
5.576067700322001e-003	-5.335158e-001
5.576229526974650e-003	-5.335698e-001
5.576553180279946e-003	-5.336756e-001
5.577200486890538e-003	-5.338867e-001
5.578495100111724e-003	-5.343041e-001
5.579439157671633e-003	-5.346038e-001
5.580255619142125e-003	-5.348592e-001
5.581339267573199e-003	-5.351932e-001
5.582507277955228e-003	-5.355407e-001
5.583328903902885e-003	-5.357510e-001
5.584276985431977e-003	-5.359318e-001
5.585242338464163e-003	-5.360752e-001
5.586271472368411e-003	-5.362104e-001
5.587876675704795e-003	-5.364043e-001
5.590441278498299e-003	-5.367009e-001
5.593116501933715e-003	-5.370288e-001
5.596702732114118e-003	-5.375478e-001
5.600611334870817e-003	-5.382239e-001
5.607094756830006e-003	-5.394593e-001
5.613917388847339e-003	-5.407532e-001
5.623683013847339e-003	-5.424276e-001
5.630400578755378e-003	-5.432808e-001
5.636679673544822e-003	-5.437180e-001
5.642278856446429e-003	-5.438920e-001
5.648342236552507e-003	-5.439822e-001
5.654351228191950e-003	-5.440334e-001
5.664116853191950e-003	-5.440801e-001
5.673882478191950e-003	-5.441032e-001
5.683648103191949e-003	-5.441095e-001
5.693413728191949e-003	-5.441034e-001
5.703179353191949e-003	-5.440850e-001
5.712944978191949e-003	-5.440501e-001
5.722710603191948e-003	-5.439866e-001
5.732476228191948e-003	-5.438642e-001
5.742241853191948e-003	-5.435925e-001
5.752007478191948e-003	-5.429711e-001
5.761573956597058e-003	-5.418146e-001
5.771231238277158e-003	-5.400764e-001
5.779928043315527e-003	-5.381762e-001
5.784879436351737e-003	-5.370966e-001
5.787681302033360e-003	-5.366217e-001
5.791334149006360e-003	-5.361834e-001
5.793133875243876e-003	-5.359938e-001
5.794340416221006e-003	-5.358388e-001
5.796147238740609e-003	-5.355332e-001
5.797479592062664e-003	-5.352687e-001
5.798774732109141e-003	-5.349833e-001
5.799735124424259e-003	-5.347556e-001
5.800717135085399e-003	-5.345086e-001
5.801694417953428e-003	-5.342508e-001
5.802769097352025e-003	-5.339516e-001
5.804918456149221e-003	-5.333175e-001
5.807019481078249e-003	-5.326605e-001
5.808945460774371e-003	-5.320231e-001
5.813815143830547e-003	-5.302567e-001
5.819540932396595e-003	-5.279151e-001
5.829306557396594e-003	-5.234159e-001
5.839072182396594e-003	-5.182213e-001
5.848837807396594e-003	-5.121096e-001
5.858603432396594e-003	-5.048280e-001
5.868369057396594e-003	-4.959770e-001
5.878134682396593e-003	-4.849009e-001
5.887900307396593e-003	-4.704488e-001
5.897665932396593e-003	-4.503214e-001
5.907431557396593e-003	-4.200910e-001
5.917197182396593e-003	-3.728721e-001
5.926962807396592e-003	-3.023187e-001
5.936728432396592e-003	-2.075338e-001
5.946494057396592e-003	-9.287867e-002
5.956259682396592e-003	3.623976e-002
5.966025307396592e-003	1.745300e-001
5.975790932396591e-003	3.104511e-001
5.983784777740983e-003	3.991509e-001
5.992149397729307e-003	4.554551e-001
5.999054787639780e-003	4.792486e-001
6.006655231267052e-003	4.930429e-001
6.016420856267052e-003	5.043263e-001
6.026186481267052e-003	5.124596e-001
6.035952106267051e-003	5.187603e-001
6.045717731267051e-003	5.239564e-001
6.055483356267051e-003	5.283844e-001
6.065248981267051e-003	5.321871e-001
6.075014606267051e-003	5.353885e-001
6.078326582623111e-003	5.361289e-001
6.081749867503286e-003	5.365526e-001
6.083795164839375e-003	5.367150e-001
6.085378608780464e-003	5.368096e-001
6.087537334190379e-003	5.369258e-001
6.089755858915037e-003	5.370312e-001
6.091782265578031e-003	5.371161e-001
6.094161870032484e-003	5.372052e-001
6.096862285537795e-003	5.372953e-001
6.099662058881288e-003	5.373778e-001
6.103283689594527e-003	5.374712e-001
6.106943806678413e-003	5.375522e-001
6.112216388910289e-003	5.376504e-001
6.117461769719068e-003	5.377296e-001
6.125711058142192e-003	5.378271e-001
6.134030630343711e-003	5.379028e-001
6.143796255343711e-003	5.379684e-001
6.153561880343710e-003	5.380157e-001
6.173093130343710e-003	5.380700e-001
6.192624380343710e-003	5.380824e-001
6.212155630343709e-003	5.380563e-001
6.231686880343709e-003	5.379865e-001
6.241452505343709e-003	5.379300e-001
6.251218130343708e-003	5.378530e-001
6.260983755343708e-003	5.377464e-001
6.270749380343708e-003	5.375956e-001
6.280515005343708e-003	5.373821e-001
6.287251727520094e-003	5.371784e-001
6.293872710392007e-003	5.369161e-001
6.298199308237932e-003	5.366973e-001
6.302761323167474e-003	5.364119e-001
6.305920178972830e-003	5.361583e-001
6.308657922607481e-003	5.358661e-001
6.310532018719384e-003	5.355877e-001
6.312642999782969e-003	5.351635e-001
6.314614385927663e-003	5.346698e-001
6.318077451458136e-003	5.336452e-001
6.321982872336713e-003	5.322917e-001
6.329168243685891e-003	5.293942e-001
6.336754642487916e-003	5.258553e-001
6.346520267487916e-003	5.205616e-001
6.356285892487916e-003	5.143754e-001
6.366051517487916e-003	5.070195e-001
6.375817142487915e-003	4.981026e-001
6.385582767487915e-003	4.869735e-001
6.395348392487915e-003	4.724838e-001
6.405114017487915e-003	4.523210e-001
6.414879642487915e-003	4.219771e-001
6.424645267487914e-003	3.743247e-001
6.434410892487914e-003	3.027281e-001
6.444176517487914e-003	2.062735e-001
6.453942142487914e-003	8.958322e-002
6.463707767487914e-003	-4.165402e-002
6.473473392487913e-003	-1.817496e-001
6.483239017487913e-003	-3.180662e-001
6.491171201845834e-003	-4.047565e-001
6.499323463791953e-003	-4.576817e-001
6.506248219177191e-003	-4.805348e-001
6.513837735622492e-003	-4.938956e-001
6.523603360622491e-003	-5.048999e-001
6.533368985622491e-003	-5.128568e-001
6.543134610622491e-003	-5.190274e-001
6.552900235622491e-003	-5.241119e-001
6.562665860622491e-003	-5.284352e-001
6.572431485622490e-003	-5.322235e-001
6.576178058510187e-003	-5.335386e-001
6.578556882313619e-003	-5.343166e-001
6.580750822674369e-003	-5.350077e-001
6.582102736726938e-003	-5.354134e-001
6.583461090825174e-003	-5.357654e-001
6.584527262438174e-003	-5.359684e-001
6.585630109947906e-003	-5.361252e-001
6.586849054254440e-003	-5.362795e-001
6.588670267088807e-003	-5.364933e-001
6.591386964812407e-003	-5.368072e-001
6.594267767943270e-003	-5.371798e-001
6.598308907509238e-003	-5.378113e-001
6.602350499001050e-003	-5.385442e-001
6.610184512346330e-003	-5.400513e-001
6.617652518382457e-003	-5.414212e-001
6.627418143382457e-003	-5.429352e-001
6.633228190319923e-003	-5.435136e-001
6.640361791977460e-003	-5.438432e-001
6.644749962444543e-003	-5.439377e-001
6.650817937445517e-003	-5.440044e-001
6.658937996345936e-003	-5.440581e-001
6.668703621345935e-003	-5.440924e-001
6.678469246345935e-003	-5.441065e-001
6.688234871345935e-003	-5.441067e-001
6.698000496345935e-003	-5.440952e-001
6.707766121345935e-003	-5.440699e-001
6.717531746345934e-003	-5.440239e-001
6.727297371345934e-003	-5.439391e-001
6.737062996345934e-003	-5.437645e-001
6.746828621345934e-003	-5.433743e-001
6.755511555909159e-003	-5.426396e-001
6.764603408494001e-003	-5.413290e-001
6.774369033494001e-003	-5.394049e-001
6.783829434734381e-003	-5.373320e-001
6.787691426839301e-003	-5.366426e-001
6.792114173193756e-003	-5.360947e-001
6.792125123475097e-003	-5.360934e-001
6.792168924600462e-003	-5.360886e-001
6.792227326100947e-003	-5.360828e-001
6.792344129101919e-003	-5.360718e-001
6.792577735103862e-003	-5.360506e-001
6.793044947107748e-003	-5.360059e-001
6.793979371115520e-003	-5.358971e-001
6.794882365883317e-003	-5.357627e-001
6.795839733246323e-003	-5.355936e-001
6.796960261178337e-003	-5.353737e-001
6.798370438326245e-003	-5.350720e-001
6.799375132247857e-003	-5.348404e-001
6.800188270794655e-003	-5.346411e-001
6.801062678055941e-003	-5.344155e-001
6.802378307526866e-003	-5.340594e-001
6.803694560182535e-003	-5.336853e-001
6.805075991149269e-003	-5.332720e-001
6.806786111351128e-003	-5.327361e-001
6.808247209388012e-003	-5.322568e-001
6.812702847892521e-003	-5.306771e-001
6.817457223640477e-003	-5.287856e-001
6.826965975136387e-003	-5.245458e-001
6.836731600136387e-003	-5.195402e-001
6.846497225136387e-003	-5.136666e-001
6.856262850136387e-003	-5.066946e-001
6.866028475136387e-003	-4.982665e-001
6.875794100136386e-003	-4.878032e-001
6.885559725136386e-003	-4.743055e-001
6.895325350136386e-003	-4.559169e-001
6.905090975136386e-003	-4.287808e-001
6.914856600136386e-003	-3.862961e-001
6.924622225136385e-003	-3.215868e-001
6.934387850136385e-003	-2.323088e-001
6.944153475136385e-003	-1.218765e-001
6.953919100136385e-003	4.244212e-003
6.963684725136385e-003	1.410067e-001
6.973450350136384e-003	2.778648e-001
6.983215975136384e-003	3.909720e-001
6.992005823666031e-003	4.541315e-001
6.999050419926782e-003	4.791131e-001
7.006841649597775e-003	4.932791e-001
7.016607274597774e-003	5.045074e-001
7.026372899597774e-003	5.125948e-001
7.036138524597774e-003	5.188703e-001
7.045904149597774e-003	5.240498e-001
7.055669774597774e-003	5.284647e-001
7.065435399597773e-003	5.322524e-001
7.075201024597773e-003	5.354190e-001
7.078670833128491e-003	5.361769e-001
7.081943550977627e-003	5.365693e-001
7.083837467389414e-003	5.367173e-001
7.085628769685628e-003	5.368237e-001
7.087685795747783e-003	5.369331e-001
7.089856866467648e-003	5.370358e-001
7.092136105802935e-003	5.371310e-001
7.094643523101966e-003	5.372233e-001
7.097482452668305e-003	5.373160e-001
7.100291881020860e-003	5.373967e-001
7.103889368905582e-003	5.374871e-001
7.107420003650867e-003	5.375638e-001
7.112282006368171e-003	5.376533e-001
7.117375485527989e-003	5.377305e-001
7.125216396251281e-003	5.378245e-001
7.133612716249087e-003	5.379015e-001
7.143378341249087e-003	5.379675e-001
7.153143966249087e-003	5.380155e-001
7.172675216249086e-003	5.380708e-001
7.192206466249086e-003	5.380839e-001
7.211737716249085e-003	5.380586e-001
7.231268966249085e-003	5.379900e-001
7.241034591249085e-003	5.379342e-001
7.250800216249085e-003	5.378582e-001
7.260565841249084e-003	5.377533e-001
7.270331466249084e-003	5.376047e-001
7.280097091249084e-003	5.373907e-001
7.289862716249084e-003	5.370739e-001
7.298164497269177e-003	5.366613e-001
7.306218473388988e-003	5.360582e-001
7.310462743113193e-003	5.355369e-001
7.313309148025515e-003	5.349788e-001
7.316008967306721e-003	5.342579e-001
7.320861761556757e-003	5.326966e-001
7.325510433170496e-003	5.309403e-001
7.333494533884445e-003	5.274142e-001
7.343260158884445e-003	5.224164e-001
7.353025783884444e-003	5.165626e-001
7.362791408884444e-003	5.096320e-001
7.372557033884444e-003	5.012935e-001
7.382322658884444e-003	4.910004e-001
7.392088283884444e-003	4.778104e-001
7.401853908884443e-003	4.599755e-001
7.411619533884443e-003	4.338273e-001
7.421385158884443e-003	3.928309e-001
7.431150783884443e-003	3.296345e-001
7.440916408884443e-003	2.411454e-001
7.450682033884442e-003	1.305462e-001
7.460447658884442e-003	3.582861e-003
7.470213283884442e-003	-1.344190e-001
7.479978908884442e-003	-2.730308e-001
7.489744533884441e-003	-3.881949e-001
7.498642689266821e-003	-4.535848e-001
7.505685207549258e-003	-4.790729e-001
7.513441670525178e-003	-4.932823e-001
7.523207295525178e-003	-5.045180e-001
7.532972920525178e-003	-5.125747e-001
7.542738545525177e-003	-5.187987e-001
7.552504170525177e-003	-5.239184e-001
7.562269795525177e-003	-5.282694e-001
7.572035420525177e-003	-5.320771e-001
7.576075427940013e-003	-5.335131e-001
7.576238648814762e-003	-5.335677e-001
7.576565090564261e-003	-5.336746e-001
7.577217974063260e-003	-5.338876e-001
7.578523741061255e-003	-5.343084e-001
7.579473836525505e-003	-5.346099e-001
7.580314246486755e-003	-5.348727e-001
7.581409438899546e-003	-5.352100e-001
7.582593616662371e-003	-5.355588e-001
7.583425462136368e-003	-5.357634e-001
7.584534845341637e-003	-5.359645e-001
7.585564273752165e-003	-5.361149e-001
7.586616580476974e-003	-5.362496e-001
7.588721193926592e-003	-5.364944e-001
7.591357111421110e-003	-5.367972e-001
7.594359825674643e-003	-5.371892e-001
7.598730615956642e-003	-5.378832e-001
7.603062950881736e-003	-5.386763e-001
7.610616586959027e-003	-5.401301e-001
7.618762614704141e-003	-5.416051e-001
7.628528239704141e-003	-5.430549e-001
7.634401138993624e-003	-5.435891e-001
7.641284454817245e-003	-5.438653e-001
7.645788733694532e-003	-5.439506e-001
7.651846346426843e-003	-5.440112e-001
7.661441712666120e-003	-5.440674e-001
7.671207337666120e-003	-5.440966e-001
7.680972962666120e-003	-5.441065e-001
7.690738587666120e-003	-5.441036e-001
7.700504212666120e-003	-5.440890e-001
7.710269837666119e-003	-5.440592e-001
7.720035462666119e-003	-5.440053e-001
7.729801087666119e-003	-5.439041e-001
7.739566712666119e-003	-5.436891e-001
7.749332337666118e-003	-5.432027e-001
7.758102747688440e-003	-5.423244e-001
7.767138707320680e-003	-5.408776e-001
7.776904332320680e-003	-5.388533e-001
7.783882587015488e-003	-5.373060e-001
7.787499477783852e-003	-5.366564e-001
7.791479296895200e-003	-5.361521e-001
7.791574225685871e-003	-5.361421e-001
7.791682715732352e-003	-5.361316e-001
7.791899695825316e-003	-5.361111e-001
7.792333656011242e-003	-5.360714e-001
7.793201576383095e-003	-5.359886e-001
7.794036725344922e-003	-5.358881e-001
7.795150307866902e-003	-5.357158e-001
7.796071420765831e-003	-5.355496e-001
7.797186235621424e-003	-5.353252e-001
7.798888760853147e-003	-5.349512e-001
7.799877339970823e-003	-5.347159e-001
7.801072739477847e-003	-5.344109e-001
7.802260497934046e-003	-5.340917e-001
7.803419076681820e-003	-5.337644e-001
7.804833860093717e-003	-5.333441e-001
7.806560874787021e-003	-5.328057e-001
7.808263887942956e-003	-5.322489e-001
7.810289468007580e-003	-5.315542e-001
7.812554356320179e-003	-5.307318e-001
7.817084132945375e-003	-5.289406e-001
7.826143686195768e-003	-5.249373e-001
7.835909311195767e-003	-5.199898e-001
7.845674936195767e-003	-5.141968e-001
7.855440561195767e-003	-5.073285e-001
7.865206186195767e-003	-4.990408e-001
7.874971811195767e-003	-4.887787e-001
7.884737436195766e-003	-4.755905e-001
7.894503061195766e-003	-4.577183e-001
7.904268686195766e-003	-4.315150e-001
7.914034311195766e-003	-3.906013e-001
7.923799936195766e-003	-3.279474e-001
7.933565561195765e-003	-2.406672e-001
7.943331186195765e-003	-1.318012e-001
7.953096811195765e-003	-6.802389e-003
7.962862436195765e-003	1.292925e-001
7.972628061195764e-003	2.669572e-001
7.982393686195764e-003	3.826898e-001
7.991615018869696e-003	4.517365e-001
7.998853660519752e-003	4.785794e-001
8.006752213407253e-003	4.931631e-001
8.016517838407252e-003	5.044312e-001
8.026283463407252e-003	5.125353e-001
8.036049088407252e-003	5.188214e-001
8.045814713407252e-003	5.240083e-001
8.055580338407252e-003	5.284292e-001
8.065345963407251e-003	5.322239e-001
8.075111588407251e-003	5.354124e-001
8.078412896335062e-003	5.361448e-001
8.081790699148828e-003	5.365587e-001
8.083782090033945e-003	5.367166e-001
8.085402141894753e-003	5.368135e-001
8.087598674095699e-003	5.369317e-001
8.089765561128252e-003	5.370345e-001
8.091821129080567e-003	5.371206e-001
8.094155598943071e-003	5.372080e-001
8.096828835361244e-003	5.372972e-001
8.099603714446957e-003	5.373791e-001
8.103176237747553e-003	5.374715e-001
8.106827339188329e-003	5.375527e-001
8.112068171563918e-003	5.376508e-001
8.117313244208222e-003	5.377305e-001
8.125514935376986e-003	5.378280e-001
8.133804857720181e-003	5.379040e-001
8.143570482720181e-003	5.379700e-001
8.153336107720181e-003	5.380177e-001
8.172867357720180e-003	5.380725e-001
8.192398607720180e-003	5.380853e-001
8.211929857720179e-003	5.380597e-001
8.231461107720179e-003	5.379905e-001
8.241226732720179e-003	5.379344e-001
8.250992357720179e-003	5.378579e-001
8.260757982720178e-003	5.377523e-001
8.270523607720178e-003	5.376027e-001
8.280289232720178e-003	5.373912e-001
8.286987034764071e-003	5.371907e-001
8.293590013741118e-003	5.369320e-001
8.297925947785223e-003	5.367156e-001
8.302500957142585e-003	5.364323e-001
8.305778481208738e-003	5.361704e-001
8.308644926152879e-003	5.358643e-001
8.310610983564146e-003	5.355705e-001
8.312802698184440e-003	5.351257e-001
8.314859456161498e-003	5.346041e-001
8.318422817370946e-003	5.335357e-001
8.322452651652615e-003	5.321212e-001
8.329751426695184e-003	5.291405e-001
8.337621731556217e-003	5.254223e-001
8.347387356556216e-003	5.200577e-001
8.357152981556216e-003	5.137798e-001
8.366918606556216e-003	5.063049e-001
8.376684231556216e-003	4.972243e-001
8.386449856556216e-003	4.858554e-001
8.396215481556215e-003	4.709864e-001
8.405981106556215e-003	4.501602e-001
8.415746731556215e-003	4.186089e-001
8.425512356556215e-003	3.690543e-001
8.435277981556215e-003	2.951968e-001
8.445043606556214e-003	1.967267e-001
8.454809231556214e-003	7.853693e-002
8.464574856556214e-003	-5.373653e-002
8.474340481556214e-003	-1.941494e-001
8.484106106556213e-003	-3.288023e-001
8.492011623659678e-003	-4.119866e-001
8.500021059143466e-003	-4.605084e-001
8.507367690513518e-003	-4.828587e-001
8.515078821788449e-003	-4.955979e-001
8.524844446788448e-003	-5.060373e-001
8.534610071788448e-003	-5.137043e-001
8.544375696788448e-003	-5.197166e-001
8.554141321788448e-003	-5.246953e-001
8.563906946788448e-003	-5.289348e-001
8.573672571788447e-003	-5.327015e-001
8.573679724345820e-003	-5.327038e-001
8.573708334575313e-003	-5.327134e-001
8.573975363383907e-003	-5.328051e-001
8.574280539165157e-003	-5.329092e-001
8.574890890727657e-003	-5.331154e-001
8.576111593852657e-003	-5.335225e-001
8.577306075983617e-003	-5.339142e-001
8.578858018528358e-003	-5.344139e-001
8.579716995217954e-003	-5.346854e-001
8.580689424384821e-003	-5.349879e-001
8.581401929509647e-003	-5.352072e-001
8.582072808195505e-003	-5.354059e-001
8.583414565567219e-003	-5.357556e-001
8.584387671358726e-003	-5.359451e-001
8.585391101187598e-003	-5.360902e-001
8.586599956972788e-003	-5.362461e-001
8.588224528761922e-003	-5.364400e-001
8.590841685086321e-003	-5.367420e-001
8.593561316586821e-003	-5.370812e-001
8.597185997370622e-003	-5.376197e-001
8.601001042612988e-003	-5.382909e-001
8.608631133097722e-003	-5.397509e-001
8.615503244031432e-003	-5.410388e-001
8.625268869031432e-003	-5.426565e-001
8.631397272032311e-003	-5.433551e-001
8.639236287776761e-003	-5.437996e-001
8.644244688877666e-003	-5.439262e-001
8.650257797460466e-003	-5.439979e-001
8.657111361346108e-003	-5.440468e-001
8.666876986346108e-003	-5.440850e-001
8.676642611346108e-003	-5.441025e-001
8.686408236346107e-003	-5.441051e-001
8.696173861346107e-003	-5.440958e-001
8.705939486346107e-003	-5.440734e-001
8.715705111346107e-003	-5.440322e-001
8.725470736346106e-003	-5.439566e-001
8.735236361346106e-003	-5.438058e-001
8.745001986346106e-003	-5.434585e-001
8.754767611346106e-003	-5.427053e-001
8.763569246533338e-003	-5.415036e-001
8.773334871533338e-003	-5.396200e-001
8.782112294891124e-003	-5.376702e-001
8.786183594134784e-003	-5.368651e-001
8.789930732959783e-003	-5.363292e-001
8.792339707077712e-003	-5.360677e-001
8.793896241179034e-003	-5.358971e-001
8.794974979108123e-003	-5.357409e-001
8.796249541386237e-003	-5.355104e-001
8.797537258080034e-003	-5.352490e-001
8.799035613393205e-003	-5.349157e-001
8.799963209439052e-003	-5.346929e-001
8.801126566416791e-003	-5.343953e-001
8.802248237358068e-003	-5.340934e-001
8.803459159819043e-003	-5.337510e-001
8.804858515237365e-003	-5.333352e-001
8.806595909869335e-003	-5.327933e-001
8.808274124531362e-003	-5.322444e-001
8.810289442946928e-003	-5.315531e-001
8.812589092611551e-003	-5.307176e-001
8.817188391940798e-003	-5.288959e-001
8.826386990599292e-003	-5.248205e-001
8.836152615599292e-003	-5.198559e-001
8.845918240599292e-003	-5.140390e-001
8.855683865599292e-003	-5.071399e-001
8.865449490599291e-003	-4.988107e-001
8.875215115599291e-003	-4.884892e-001
8.884980740599291e-003	-4.752096e-001
8.894746365599291e-003	-4.571854e-001
8.904511990599291e-003	-4.307079e-001
8.914277615599290e-003	-3.893299e-001
8.924043240599290e-003	-3.260633e-001
8.933808865599290e-003	-2.381827e-001
8.943574490599290e-003	-1.288436e-001
8.953340115599289e-003	-3.505201e-003
8.963105740599289e-003	1.327959e-001
8.972871365599289e-003	2.702388e-001
8.982636990599289e-003	3.852225e-001
8.991719520746653e-003	4.524367e-001
8.998891165895549e-003	4.786991e-001
9.006748054423506e-003	4.931572e-001
9.016513679423506e-003	5.044273e-001
9.026279304423505e-003	5.125337e-001
9.036044929423505e-003	5.188203e-001
9.045810554423505e-003	5.240076e-001
9.055576179423505e-003	5.284287e-001
9.065341804423505e-003	5.322236e-001
9.075107429423504e-003	5.354097e-001
9.078461137081806e-003	5.361522e-001
9.081811101321122e-003	5.365617e-001
9.083777820383268e-003	5.367173e-001
9.085421533711753e-003	5.368157e-001
9.087637811694591e-003	5.369349e-001
9.089788644472742e-003	5.370368e-001
9.091866515660706e-003	5.371237e-001
9.094190323899855e-003	5.372105e-001
9.096868748128414e-003	5.372998e-001
9.099642899102582e-003	5.373816e-001
9.103206894499812e-003	5.374737e-001
9.106854745159054e-003	5.375547e-001
9.112058735294672e-003	5.376521e-001
9.117265479358302e-003	5.377311e-001
9.126507329321930e-003	5.378400e-001
9.134909044022971e-003	5.379147e-001
9.144674669022971e-003	5.379776e-001
9.154440294022971e-003	5.380235e-001
9.173971544022970e-003	5.380756e-001
9.193502794022970e-003	5.380863e-001
9.213034044022970e-003	5.380584e-001
9.232565294022969e-003	5.379863e-001
9.242330919022969e-003	5.379282e-001
9.252096544022969e-003	5.378491e-001
9.261862169022968e-003	5.377393e-001
9.271627794022968e-003	5.375835e-001
9.281393419022968e-003	5.373622e-001
9.288253000923095e-003	5.371466e-001
9.294884473732891e-003	5.368729e-001
9.299178705126820e-003	5.366455e-001
9.303710859664610e-003	5.363509e-001
9.306558789926908e-003	5.361134e-001
9.308573403757859e-003	5.358841e-001
9.310576180261845e-003	5.355769e-001
9.312727422968840e-003	5.351433e-001
9.314848448297917e-003	5.346056e-001
9.318626866496378e-003	5.334713e-001
9.322452647609428e-003	5.321233e-001
9.330104209835530e-003	5.289858e-001
9.337775760831776e-003	5.253505e-001
9.347541385831775e-003	5.199677e-001
9.357307010831775e-003	5.136734e-001
9.367072635831775e-003	5.061772e-001
9.376838260831775e-003	4.970672e-001
9.386603885831775e-003	4.856550e-001
9.396369510831774e-003	4.707173e-001
9.406135135831774e-003	4.497700e-001
9.415900760831774e-003	4.179994e-001
9.425666385831774e-003	3.681034e-001
9.435432010831774e-003	2.938463e-001
9.445197635831773e-003	1.950249e-001
9.454963260831773e-003	7.657528e-002
9.464728885831773e-003	-5.587669e-002
9.474494510831773e-003	-1.963326e-001
9.484260135831773e-003	-3.306532e-001
9.492169160145045e-003	-4.132696e-001
9.500158777512140e-003	-4.610508e-001
9.507565512027437e-003	-4.832478e-001
9.515327320488320e-003	-4.959190e-001
9.525092945488320e-003	-5.062584e-001
9.534858570488320e-003	-5.138704e-001
9.544624195488320e-003	-5.198521e-001
9.554389820488320e-003	-5.248100e-001
9.564155445488319e-003	-5.290331e-001
9.573921070488319e-003	-5.327855e-001
9.573928223045692e-003	-5.327877e-001
9.573956833275185e-003	-5.327974e-001
9.574223862083779e-003	-5.328888e-001
9.574529037865029e-003	-5.329924e-001
9.575139389427528e-003	-5.331978e-001
9.576360092552529e-003	-5.336036e-001
9.577413735916130e-003	-5.339484e-001
9.578799678297818e-003	-5.343943e-001
9.579673223040049e-003	-5.346704e-001
9.580621990492711e-003	-5.349659e-001
9.581955433018530e-003	-5.353742e-001
9.583236433629237e-003	-5.357285e-001
9.584037012683719e-003	-5.358914e-001
9.584767902424954e-003	-5.360016e-001
9.585662734154225e-003	-5.361248e-001
9.587452397612769e-003	-5.363465e-001
9.589188920479268e-003	-5.365483e-001
9.591408391584825e-003	-5.368074e-001
9.595030825259440e-003	-5.372847e-001
9.599096753315408e-003	-5.379397e-001
9.604095474705504e-003	-5.388694e-001
9.611356775904379e-003	-5.402715e-001
9.618853937747307e-003	-5.416363e-001
9.627632903219179e-003	-5.429666e-001
9.633458381434770e-003	-5.435275e-001
9.640470548681534e-003	-5.438433e-001
9.644813030122832e-003	-5.439350e-001
9.650789221819439e-003	-5.440000e-001
9.659809358212802e-003	-5.440581e-001
9.669574983212801e-003	-5.440909e-001
9.679340608212801e-003	-5.441034e-001
9.689106233212801e-003	-5.441025e-001
9.698871858212801e-003	-5.440899e-001
9.708637483212801e-003	-5.440631e-001
9.718403108212800e-003	-5.440141e-001
9.728168733212800e-003	-5.439236e-001
9.737934358212800e-003	-5.437363e-001
9.747699983212800e-003	-5.432976e-001
9.757465608212800e-003	-5.423882e-001
9.766272716219739e-003	-5.410331e-001
9.776038341219739e-003	-5.390519e-001
9.784939324560685e-003	-5.371176e-001
9.788082535594897e-003	-5.365784e-001
9.792465556074046e-003	-5.360472e-001
9.794667296143565e-003	-5.357628e-001
9.796250301453353e-003	-5.354974e-001
9.797875905443152e-003	-5.351658e-001
9.799538597052064e-003	-5.347883e-001
9.800538464312969e-003	-5.345421e-001
9.801613885888585e-003	-5.342594e-001
9.803081424884607e-003	-5.338513e-001
9.804945096389749e-003	-5.333006e-001
9.807059110121112e-003	-5.326372e-001
9.809120815041912e-003	-5.319542e-001
9.814047959856753e-003	-5.301563e-001
9.820148303935294e-003	-5.276453e-001
9.829913928935294e-003	-5.231073e-001
9.839679553935294e-003	-5.178604e-001
9.849445178935294e-003	-5.116833e-001
9.859210803935294e-003	-5.043160e-001
9.868976428935293e-003	-4.953468e-001
9.878742053935293e-003	-4.840977e-001
9.888507678935293e-003	-4.693729e-001
9.898273303935293e-003	-4.487713e-001
9.908038928935293e-003	-4.176872e-001
9.917804553935292e-003	-3.691330e-001
9.927570178935292e-003	-2.969921e-001
9.937335803935292e-003	-2.007817e-001
9.947101428935292e-003	-8.505315e-002
9.956867053935292e-003	4.482060e-002
9.966632678935291e-003	1.834092e-001
9.976398303935291e-003	3.182921e-001
9.984382568433403e-003	4.047179e-001
9.992583056449693e-003	4.572884e-001
1.000000000000000e-002	4.834947e-001
