time	V(n006)
0.000000000000000e+000	4.494396e-013
5.937913226178369e-008	-2.154043e-008
1.187582645235674e-007	-9.611370e-009
1.781373967853511e-007	3.578764e-008
2.375165290471348e-007	1.146566e-007
2.968956613089185e-007	2.269955e-007
3.562747935707021e-007	3.728043e-007
4.156539258324857e-007	5.520831e-007
5.219624034783151e-007	1.166605e-006
6.370082757436243e-007	2.265458e-006
7.675093728619732e-007	4.240040e-006
9.365607519197397e-007	8.212000e-006
1.144624482852178e-006	1.579178e-005
1.414146148972949e-006	3.100863e-005
1.752972134950416e-006	6.068324e-005
2.194043070779091e-006	1.205852e-004
2.760422129390348e-006	2.399394e-004
3.506132951501676e-006	4.838035e-004
4.485718614609461e-006	9.813471e-004
5.802360401793925e-006	2.020851e-003
7.592692609389658e-006	4.222440e-003
1.011555552763926e-005	9.075719e-003
1.385342266844780e-005	2.048149e-002
2.013931233399036e-005	4.987735e-002
2.859665233192515e-005	1.059717e-001
3.836227733192516e-005	1.880153e-001
4.812790233192516e-005	2.756193e-001
5.789352733192516e-005	3.509532e-001
6.619465794990041e-005	3.945586e-001
7.500389726839434e-005	4.211619e-001
8.476952226839433e-005	4.378172e-001
9.453514726839433e-005	4.478326e-001
1.043007722683943e-004	4.545221e-001
1.140663972683943e-004	4.595088e-001
1.238320222683943e-004	4.634805e-001
1.335976472683943e-004	4.667247e-001
1.433632722683943e-004	4.693896e-001
1.531288972683943e-004	4.715688e-001
1.628945222683944e-004	4.733270e-001
1.726601472683944e-004	4.747108e-001
1.824257722683944e-004	4.757537e-001
1.921913972683944e-004	4.764800e-001
2.019570222683944e-004	4.769065e-001
2.117226472683944e-004	4.770440e-001
2.214882722683944e-004	4.768979e-001
2.312538972683944e-004	4.764689e-001
2.410195222683944e-004	4.757526e-001
2.507851472683944e-004	4.747399e-001
2.605507722683944e-004	4.734159e-001
2.703163972683944e-004	4.717592e-001
2.800820222683945e-004	4.697405e-001
2.898476472683945e-004	4.673201e-001
2.996132722683945e-004	4.644446e-001
3.093788972683945e-004	4.610412e-001
3.191445222683945e-004	4.570093e-001
3.289101472683945e-004	4.522076e-001
3.386757722683945e-004	4.464305e-001
3.484413972683945e-004	4.393660e-001
3.582070222683945e-004	4.305133e-001
3.679726472683945e-004	4.190171e-001
3.777382722683945e-004	4.032747e-001
3.875038972683946e-004	3.803210e-001
3.972695222683946e-004	3.456443e-001
4.070351472683946e-004	2.945518e-001
4.168007722683946e-004	2.247459e-001
4.265663972683946e-004	1.374391e-001
4.363320222683946e-004	3.589671e-002
4.460976472683946e-004	-7.607520e-002
4.558632722683946e-004	-1.923840e-001
4.641061161518860e-004	-2.830831e-001
4.726574255284670e-004	-3.565919e-001
4.798669036006259e-004	-3.970016e-001
4.877378928687326e-004	-4.222100e-001
4.975035178687327e-004	-4.400778e-001
5.072691428687327e-004	-4.509355e-001
5.170347678687327e-004	-4.582936e-001
5.268003928687327e-004	-4.639541e-001
5.365660178687327e-004	-4.686262e-001
5.380043630966554e-004	-4.692890e-001
5.394427083245781e-004	-4.699324e-001
5.408810535525009e-004	-4.705566e-001
5.423193987804235e-004	-4.711614e-001
5.437577440083462e-004	-4.717470e-001
5.451960892362689e-004	-4.723132e-001
5.466344344641917e-004	-4.728601e-001
5.469396102454417e-004	-4.729739e-001
5.475499618079417e-004	-4.731997e-001
5.487706649329417e-004	-4.736456e-001
5.502863493808304e-004	-4.741896e-001
5.518725864107041e-004	-4.747488e-001
5.527217455715653e-004	-4.750433e-001
5.533788772019481e-004	-4.752681e-001
5.540650034938470e-004	-4.755003e-001
5.549822840073401e-004	-4.758072e-001
5.556882987067767e-004	-4.760382e-001
5.566231305973057e-004	-4.763323e-001
5.574984454801855e-004	-4.765931e-001
5.584215879998020e-004	-4.768476e-001
5.602678730390349e-004	-4.773039e-001
5.633423616245628e-004	-4.779708e-001
5.666486134474926e-004	-4.786078e-001
5.704881141554526e-004	-4.793123e-001
5.761823274635244e-004	-4.803864e-001
5.820862945219061e-004	-4.815515e-001
5.900066014790934e-004	-4.831344e-001
5.941970081952315e-004	-4.839116e-001
5.984183217261242e-004	-4.845582e-001
6.024191835172640e-004	-4.850098e-001
6.066646169594058e-004	-4.853331e-001
6.110857328698576e-004	-4.855412e-001
6.189629620566119e-004	-4.857444e-001
6.287285870566119e-004	-4.858676e-001
6.384942120566119e-004	-4.859175e-001
6.482598370566120e-004	-4.859356e-001
6.580254620566120e-004	-4.859413e-001
6.775567120566120e-004	-4.859392e-001
6.970879620566120e-004	-4.859306e-001
7.166192120566120e-004	-4.859182e-001
7.361504620566120e-004	-4.858966e-001
7.459160870566120e-004	-4.858757e-001
7.556817120566120e-004	-4.858368e-001
7.654473370566121e-004	-4.857526e-001
7.752129620566121e-004	-4.855668e-001
7.819474408631575e-004	-4.852545e-001
7.899613562652261e-004	-4.844970e-001
7.974706432497587e-004	-4.833452e-001
8.040747679928612e-004	-4.819996e-001
8.072105352893590e-004	-4.812770e-001
8.096345525574856e-004	-4.807201e-001
8.120394204648905e-004	-4.802109e-001
8.135382750516305e-004	-4.799221e-001
8.146642886390665e-004	-4.797184e-001
8.158353310138548e-004	-4.795092e-001
8.168472976533742e-004	-4.793252e-001
8.178099569759906e-004	-4.791455e-001
8.186243045273687e-004	-4.789889e-001
8.193417075076575e-004	-4.788466e-001
8.200901464793340e-004	-4.786931e-001
8.211184467991237e-004	-4.784738e-001
8.223225988234072e-004	-4.782052e-001
8.235388665765673e-004	-4.779194e-001
8.250554517328611e-004	-4.775436e-001
8.263223614611178e-004	-4.772115e-001
8.302984126304596e-004	-4.760544e-001
8.346505350340434e-004	-4.745800e-001
8.433547798412110e-004	-4.711776e-001
8.531204048412110e-004	-4.667047e-001
8.628860298412110e-004	-4.614117e-001
8.726516548412110e-004	-4.551131e-001
8.824172798412110e-004	-4.474999e-001
8.921829048412110e-004	-4.380429e-001
9.019485298412110e-004	-4.258038e-001
9.117141548412110e-004	-4.089361e-001
9.214797798412110e-004	-3.838481e-001
9.312454048412110e-004	-3.449923e-001
9.410110298412111e-004	-2.868818e-001
9.507766548412111e-004	-2.074741e-001
9.605422798412111e-004	-1.090954e-001
9.703079048412111e-004	3.800928e-003
9.800735298412110e-004	1.254260e-001
9.898391548412110e-004	2.447721e-001
9.982870916897071e-004	3.312208e-001
1.005754437893775e-003	3.835437e-001
1.013658433873735e-003	4.156008e-001
1.023424058873735e-003	4.372500e-001
1.033189683873735e-003	4.495729e-001
1.042955308873735e-003	4.573883e-001
1.052720933873735e-003	4.631614e-001
1.062486558873735e-003	4.678044e-001
1.072252183873735e-003	4.716949e-001
1.082017808873735e-003	4.750793e-001
1.085733451696233e-003	4.762247e-001
1.087722117106163e-003	4.767658e-001
1.089671577821001e-003	4.772298e-001
1.091673793758804e-003	4.776405e-001
1.093620823147880e-003	4.779777e-001
1.095878448640997e-003	4.783044e-001
1.098105414547983e-003	4.785718e-001
1.100514363591402e-003	4.788088e-001
1.103198353746253e-003	4.790172e-001
1.108566334055955e-003	4.793341e-001
1.113698315575905e-003	4.795534e-001
1.121487596571113e-003	4.797817e-001
1.129060963135320e-003	4.799356e-001
1.138826588135320e-003	4.800704e-001
1.148592213135320e-003	4.801643e-001
1.158357838135320e-003	4.802290e-001
1.168123463135320e-003	4.802735e-001
1.187654713135320e-003	4.803192e-001
1.207185963135320e-003	4.803198e-001
1.226717213135320e-003	4.802767e-001
1.236482838135320e-003	4.802354e-001
1.246248463135320e-003	4.801763e-001
1.256014088135320e-003	4.800929e-001
1.265779713135320e-003	4.799751e-001
1.275545338135320e-003	4.798072e-001
1.285310963135320e-003	4.795648e-001
1.293835196705025e-003	4.792565e-001
1.300080659784420e-003	4.789312e-001
1.303800602342870e-003	4.786457e-001
1.307327937682958e-003	4.782501e-001
1.310790818495117e-003	4.777034e-001
1.315652987320430e-003	4.766763e-001
1.321793256612675e-003	4.750040e-001
1.330919700144843e-003	4.719120e-001
1.340685325144843e-003	4.679279e-001
1.350450950144843e-003	4.631956e-001
1.360216575144843e-003	4.575951e-001
1.369982200144843e-003	4.508975e-001
1.379747825144843e-003	4.427165e-001
1.389513450144843e-003	4.323972e-001
1.399279075144843e-003	4.187566e-001
1.409044700144843e-003	3.994409e-001
1.418810325144843e-003	3.701072e-001
1.428575950144843e-003	3.249750e-001
1.438341575144843e-003	2.596771e-001
1.448107200144843e-003	1.739347e-001
1.457872825144843e-003	7.103060e-002
1.467638450144843e-003	-4.450986e-002
1.477404075144843e-003	-1.663862e-001
1.485842211826330e-003	-2.657218e-001
1.494658341033255e-003	-3.488839e-001
1.501636469128721e-003	-3.924892e-001
1.509308842678893e-003	-4.197803e-001
1.519074467678893e-003	-4.392930e-001
1.528840092678893e-003	-4.507678e-001
1.538605717678893e-003	-4.582516e-001
1.548371342678893e-003	-4.638640e-001
1.558136967678893e-003	-4.684235e-001
1.567902592678893e-003	-4.723440e-001
1.572301258165235e-003	-4.739419e-001
1.572327951621213e-003	-4.739510e-001
1.572577090543677e-003	-4.740348e-001
1.572861820740779e-003	-4.741301e-001
1.573431281134983e-003	-4.743192e-001
1.574570201923391e-003	-4.746934e-001
1.575431049968044e-003	-4.749726e-001
1.576180255610816e-003	-4.752127e-001
1.577209218921728e-003	-4.755373e-001
1.578313495464588e-003	-4.758800e-001
1.579151938042108e-003	-4.761359e-001
1.579899424758866e-003	-4.763573e-001
1.580649474008039e-003	-4.765690e-001
1.581547094127671e-003	-4.768070e-001
1.582784009779037e-003	-4.771073e-001
1.584980812681971e-003	-4.775852e-001
1.587094151705966e-003	-4.779870e-001
1.590457167443668e-003	-4.785470e-001
1.594266938602083e-003	-4.791417e-001
1.598719637465292e-003	-4.798493e-001
1.606501988496086e-003	-4.811535e-001
1.613687196292571e-003	-4.823811e-001
1.621911170305298e-003	-4.837195e-001
1.627192956873715e-003	-4.844311e-001
1.633774410901858e-003	-4.850717e-001
1.637749802489959e-003	-4.853212e-001
1.643443192023610e-003	-4.855257e-001
1.651089473792224e-003	-4.856809e-001
1.660855098792224e-003	-4.857796e-001
1.670620723792224e-003	-4.858244e-001
1.680386348792224e-003	-4.858423e-001
1.699917598792224e-003	-4.858423e-001
1.709683223792224e-003	-4.858292e-001
1.719448848792224e-003	-4.858046e-001
1.729214473792224e-003	-4.857608e-001
1.738980098792224e-003	-4.856775e-001
1.748745723792224e-003	-4.855052e-001
1.757289782137518e-003	-4.851673e-001
1.766408053637899e-003	-4.844433e-001
1.775879753838667e-003	-4.832210e-001
1.784006711668364e-003	-4.818257e-001
1.788663889909199e-003	-4.809219e-001
1.791545316654300e-003	-4.803744e-001
1.794555827914401e-003	-4.798597e-001
1.796301200306019e-003	-4.795934e-001
1.797366502048364e-003	-4.794424e-001
1.798877256365366e-003	-4.792297e-001
1.800151686635512e-003	-4.790440e-001
1.801401474322255e-003	-4.788533e-001
1.802385085323663e-003	-4.786958e-001
1.803254191326380e-003	-4.785498e-001
1.804135110678761e-003	-4.783948e-001
1.805188203199545e-003	-4.781987e-001
1.807078860955862e-003	-4.778240e-001
1.808572032436739e-003	-4.775073e-001
1.810252607907519e-003	-4.771246e-001
1.812076559397702e-003	-4.766809e-001
1.818059510178213e-003	-4.749846e-001
1.825945688580540e-003	-4.723261e-001
1.835711313580540e-003	-4.684916e-001
1.845476938580540e-003	-4.639853e-001
1.855242563580540e-003	-4.586689e-001
1.865008188580540e-003	-4.523372e-001
1.874773813580540e-003	-4.446520e-001
1.884539438580540e-003	-4.350511e-001
1.894305063580540e-003	-4.225427e-001
1.904070688580540e-003	-4.051836e-001
1.913836313580540e-003	-3.792741e-001
1.923601938580540e-003	-3.393436e-001
1.933367563580540e-003	-2.803170e-001
1.943133188580540e-003	-2.006182e-001
1.952898813580540e-003	-1.026976e-001
1.962664438580540e-003	9.180626e-003
1.972430063580540e-003	1.294438e-001
1.982195688580540e-003	2.471651e-001
1.990741734434573e-003	3.332047e-001
1.998232901943552e-003	3.845772e-001
2.006480207882170e-003	4.172368e-001
2.015713001685074e-003	4.373004e-001
2.025478626685074e-003	4.494478e-001
2.035244251685073e-003	4.573278e-001
2.045009876685073e-003	4.631529e-001
2.054775501685073e-003	4.678532e-001
2.064541126685073e-003	4.718131e-001
2.074306751685072e-003	4.752633e-001
2.078044052462142e-003	4.764249e-001
2.080112756991815e-003	4.769789e-001
2.082152354195981e-003	4.774510e-001
2.083613498970626e-003	4.777408e-001
2.085733658961391e-003	4.780974e-001
2.087821589948624e-003	4.783901e-001
2.090848049523642e-003	4.787271e-001
2.094859852517028e-003	4.790739e-001
2.098514693916035e-003	4.793121e-001
2.102924192867315e-003	4.795236e-001
2.108704868671561e-003	4.797248e-001
2.117061002720532e-003	4.799282e-001
2.126826627720532e-003	4.800903e-001
2.136592252720532e-003	4.801995e-001
2.146357877720532e-003	4.802748e-001
2.156123502720531e-003	4.803280e-001
2.175654752720531e-003	4.803908e-001
2.195186002720530e-003	4.804115e-001
2.214717252720530e-003	4.803964e-001
2.234248502720530e-003	4.803427e-001
2.244014127720529e-003	4.802973e-001
2.253779752720529e-003	4.802349e-001
2.263545377720529e-003	4.801484e-001
2.273311002720529e-003	4.800276e-001
2.281769680190011e-003	4.798818e-001
2.289386060704422e-003	4.797078e-001
2.294457027496655e-003	4.795585e-001
2.299438613326378e-003	4.793682e-001
2.304578929255680e-003	4.791167e-001
2.308122330631367e-003	4.788950e-001
2.310497086412538e-003	4.787007e-001
2.312676330478925e-003	4.784579e-001
2.316196051064213e-003	4.779328e-001
2.319877854406112e-003	4.772004e-001
2.325813112977980e-003	4.756616e-001
2.333090861696048e-003	4.732871e-001
2.342856486696048e-003	4.693969e-001
2.352622111696047e-003	4.647606e-001
2.362387736696047e-003	4.592577e-001
2.372153361696047e-003	4.526901e-001
2.381918986696047e-003	4.447017e-001
2.391684611696047e-003	4.346843e-001
2.401450236696046e-003	4.215457e-001
2.411215861696046e-003	4.031130e-001
2.420981486696046e-003	3.752807e-001
2.430747111696046e-003	3.322680e-001
2.440512736696046e-003	2.692424e-001
2.450278361696045e-003	1.853368e-001
2.460043986696045e-003	8.359209e-002
2.469809611696045e-003	-3.143734e-002
2.479575236696045e-003	-1.531786e-001
2.489340861696044e-003	-2.683623e-001
2.498192706600915e-003	-3.515312e-001
2.505220442479134e-003	-3.945405e-001
2.512971934663653e-003	-4.212905e-001
2.522737559663652e-003	-4.401830e-001
2.532503184663652e-003	-4.513273e-001
2.542268809663652e-003	-4.586451e-001
2.552034434663652e-003	-4.641563e-001
2.561800059663652e-003	-4.686402e-001
2.571565684663651e-003	-4.725032e-001
2.575409118267138e-003	-4.738813e-001
2.575412675741484e-003	-4.738825e-001
2.575585467352563e-003	-4.739401e-001
2.575758258963641e-003	-4.739976e-001
2.575931050574719e-003	-4.740549e-001
2.576103842185798e-003	-4.741120e-001
2.576276633796876e-003	-4.741689e-001
2.576449425407955e-003	-4.742256e-001
2.576622217019033e-003	-4.742821e-001
2.577836501595710e-003	-4.746765e-001
2.578719189599471e-003	-4.749595e-001
2.579450723857298e-003	-4.751910e-001
2.580028186443041e-003	-4.753718e-001
2.581479969467281e-003	-4.758185e-001
2.582426698558353e-003	-4.761044e-001
2.583179970628770e-003	-4.763258e-001
2.583988909746341e-003	-4.765526e-001
2.584989359346375e-003	-4.768165e-001
2.586033547957487e-003	-4.770692e-001
2.588121925179711e-003	-4.775212e-001
2.590408495810792e-003	-4.779514e-001
2.594306519644090e-003	-4.785874e-001
2.599457563072600e-003	-4.793734e-001
2.604233778877567e-003	-4.801191e-001
2.611843376006361e-003	-4.813696e-001
2.619784243601678e-003	-4.826807e-001
2.627633743875110e-003	-4.838820e-001
2.633314167216115e-003	-4.845787e-001
2.639933009211151e-003	-4.851435e-001
2.644298524820368e-003	-4.853758e-001
2.650229911143050e-003	-4.855501e-001
2.659761863719645e-003	-4.857016e-001
2.669527488719645e-003	-4.857763e-001
2.679293113719645e-003	-4.858068e-001
2.689058738719645e-003	-4.858167e-001
2.698824363719645e-003	-4.858138e-001
2.708589988719644e-003	-4.857996e-001
2.718355613719644e-003	-4.857706e-001
2.728121238719644e-003	-4.857172e-001
2.737886863719644e-003	-4.856123e-001
2.747652488719644e-003	-4.853899e-001
2.756362935121973e-003	-4.849617e-001
2.765474025551057e-003	-4.841236e-001
2.775239650551056e-003	-4.827525e-001
2.784347832710822e-003	-4.811466e-001
2.787893383412640e-003	-4.804967e-001
2.792348456796751e-003	-4.797330e-001
2.792367596692100e-003	-4.797302e-001
2.792433219190441e-003	-4.797207e-001
2.792520715854896e-003	-4.797081e-001
2.792695709183805e-003	-4.796832e-001
2.793045695841623e-003	-4.796342e-001
2.793745669157259e-003	-4.795387e-001
2.794482110666527e-003	-4.794403e-001
2.795356163175541e-003	-4.793243e-001
2.796181344734281e-003	-4.792131e-001
2.797223945427269e-003	-4.790667e-001
2.799309146813245e-003	-4.787586e-001
2.800347173764567e-003	-4.785950e-001
2.801740725231432e-003	-4.783591e-001
2.803089201011307e-003	-4.781162e-001
2.804337227970730e-003	-4.778765e-001
2.805709172314732e-003	-4.775958e-001
2.807308640203517e-003	-4.772479e-001
2.808820238913039e-003	-4.768975e-001
2.813514202205093e-003	-4.756700e-001
2.818843916411388e-003	-4.740292e-001
2.828609541411388e-003	-4.705533e-001
2.838375166411388e-003	-4.664853e-001
2.848140791411388e-003	-4.616890e-001
2.857906416411388e-003	-4.560173e-001
2.867672041411387e-003	-4.492171e-001
2.877437666411387e-003	-4.408774e-001
2.887203291411387e-003	-4.303020e-001
2.896968916411387e-003	-4.161875e-001
2.906734541411386e-003	-3.960027e-001
2.916500166411386e-003	-3.653398e-001
2.926265791411386e-003	-3.185415e-001
2.936031416411386e-003	-2.515795e-001
2.945797041411386e-003	-1.645812e-001
2.955562666411385e-003	-6.098067e-002
2.965328291411385e-003	5.474140e-002
2.975093916411385e-003	1.761560e-001
2.983316375476608e-003	2.718210e-001
2.991918456533591e-003	3.513526e-001
2.998816160247738e-003	3.934880e-001
3.006445299144837e-003	4.201364e-001
3.016210924144836e-003	4.394257e-001
3.025976549144836e-003	4.508371e-001
3.035742174144836e-003	4.583126e-001
3.045507799144836e-003	4.639363e-001
3.055273424144835e-003	4.685148e-001
3.065039049144835e-003	4.723879e-001
3.074804674144835e-003	4.757641e-001
3.078148416593058e-003	4.767525e-001
3.080861775432678e-003	4.774149e-001
3.082486402284554e-003	4.777445e-001
3.084506019654013e-003	4.780875e-001
3.086487787067000e-003	4.783711e-001
3.088944032182186e-003	4.786607e-001
3.091710602197422e-003	4.789240e-001
3.095128158742120e-003	4.791785e-001
3.099376405049071e-003	4.794195e-001
3.104403047040275e-003	4.796267e-001
3.112548940163615e-003	4.798605e-001
3.121634790996004e-003	4.800386e-001
3.131400415996004e-003	4.801670e-001
3.141166040996004e-003	4.802553e-001
3.150931665996004e-003	4.803171e-001
3.160697290996003e-003	4.803610e-001
3.180228540996003e-003	4.804112e-001
3.199759790996003e-003	4.804229e-001
3.219291040996002e-003	4.803995e-001
3.238822290996002e-003	4.803364e-001
3.248587915996002e-003	4.802849e-001
3.258353540996001e-003	4.802142e-001
3.268119165996001e-003	4.801159e-001
3.277884790996001e-003	4.799763e-001
3.287650415996001e-003	4.797837e-001
3.293383673474777e-003	4.796292e-001
3.299679987247090e-003	4.794086e-001
3.303614034662479e-003	4.792306e-001
3.308062354720751e-003	4.789714e-001
3.310676675977708e-003	4.787723e-001
3.313219644050926e-003	4.785114e-001
3.316017201258743e-003	4.781224e-001
3.319739106812171e-003	4.774395e-001
3.323738404559335e-003	4.764838e-001
3.330971632863575e-003	4.742816e-001
3.340387780632806e-003	4.707566e-001
3.350153405632805e-003	4.663529e-001
3.359919030632805e-003	4.611203e-001
3.369684655632805e-003	4.548965e-001
3.379450280632805e-003	4.473790e-001
3.389215905632805e-003	4.380513e-001
3.398981530632804e-003	4.260038e-001
3.408747155632804e-003	4.094573e-001
3.418512780632804e-003	3.849527e-001
3.428278405632804e-003	3.470775e-001
3.438044030632804e-003	2.903198e-001
3.447809655632803e-003	2.124185e-001
3.457575280632803e-003	1.154705e-001
3.467340905632803e-003	3.807797e-003
3.477106530632803e-003	-1.170727e-001
3.486872155632803e-003	-2.369405e-001
3.495237730911689e-003	-3.234616e-001
3.503772795852752e-003	-3.841023e-001
3.511708431104619e-003	-4.165056e-001
3.521474056104619e-003	-4.376738e-001
3.531239681104619e-003	-4.497898e-001
3.541005306104619e-003	-4.575327e-001
3.550770931104618e-003	-4.632815e-001
3.560536556104618e-003	-4.679183e-001
3.570302181104618e-003	-4.718879e-001
3.574318493470567e-003	-4.733506e-001
3.576743292540709e-003	-4.741693e-001
3.579218720779446e-003	-4.749724e-001
3.580590076503171e-003	-4.754051e-001
3.581593651209041e-003	-4.757147e-001
3.582575044340902e-003	-4.760122e-001
3.583405474875932e-003	-4.762570e-001
3.584535343635046e-003	-4.765746e-001
3.585523644546540e-003	-4.768350e-001
3.586550451055513e-003	-4.770819e-001
3.588604064073460e-003	-4.775211e-001
3.591373543819884e-003	-4.780366e-001
3.594460195162581e-003	-4.785374e-001
3.598924660948991e-003	-4.792117e-001
3.603336437027841e-003	-4.798922e-001
3.610967984631398e-003	-4.811318e-001
3.619005914867642e-003	-4.824475e-001
3.628771539867641e-003	-4.839304e-001
3.634717328730023e-003	-4.846429e-001
3.641536255196079e-003	-4.851913e-001
3.646106408056364e-003	-4.854143e-001
3.652184393879343e-003	-4.855745e-001
3.661950018879343e-003	-4.857122e-001
3.671715643879343e-003	-4.857781e-001
3.681481268879343e-003	-4.858043e-001
3.691246893879343e-003	-4.858115e-001
3.701012518879342e-003	-4.858061e-001
3.710778143879342e-003	-4.857886e-001
3.720543768879342e-003	-4.857544e-001
3.730309393879342e-003	-4.856905e-001
3.740075018879342e-003	-4.855608e-001
3.749840643879341e-003	-4.852685e-001
3.759606268879341e-003	-4.846600e-001
3.768478059045983e-003	-4.837018e-001
3.777185882549212e-003	-4.823715e-001
3.784037666855901e-003	-4.811226e-001
3.786900601557109e-003	-4.805897e-001
3.791151807028365e-003	-4.798462e-001
3.791152961309053e-003	-4.798460e-001
3.791194845208288e-003	-4.798397e-001
3.791236729107523e-003	-4.798334e-001
3.791278613006758e-003	-4.798271e-001
3.791320496905994e-003	-4.798208e-001
3.791362380805229e-003	-4.798146e-001
3.791404264704464e-003	-4.798083e-001
3.791446148603699e-003	-4.798021e-001
3.792332636171764e-003	-4.796750e-001
3.793514619595851e-003	-4.795135e-001
3.794340642894845e-003	-4.794038e-001
3.795390241634996e-003	-4.792650e-001
3.796409887961544e-003	-4.791270e-001
3.797454728189456e-003	-4.789785e-001
3.799544408645280e-003	-4.786641e-001
3.800557427302088e-003	-4.785016e-001
3.801671030632141e-003	-4.783096e-001
3.803303598221177e-003	-4.780087e-001
3.804975378264663e-003	-4.776761e-001
3.807051799446465e-003	-4.772296e-001
3.808865623879185e-003	-4.768095e-001
3.813617434735576e-003	-4.755545e-001
3.819215727435896e-003	-4.738151e-001
3.828981352435896e-003	-4.703074e-001
3.838746977435895e-003	-4.662030e-001
3.848512602435895e-003	-4.613656e-001
3.858278227435895e-003	-4.556423e-001
3.868043852435895e-003	-4.487732e-001
3.877809477435895e-003	-4.403359e-001
3.887575102435894e-003	-4.296129e-001
3.897340727435894e-003	-4.152555e-001
3.907106352435894e-003	-3.946432e-001
3.916871977435894e-003	-3.632641e-001
3.926637602435894e-003	-3.154657e-001
3.936403227435894e-003	-2.474083e-001
3.946168852435894e-003	-1.594473e-001
3.955934477435893e-003	-5.511701e-002
3.965700102435893e-003	6.106752e-002
3.975465727435893e-003	1.825050e-001
3.983546090272135e-003	2.759629e-001
3.992001960527709e-003	3.531227e-001
3.998894241107132e-003	3.945227e-001
4.006497290033029e-003	4.206654e-001
4.016262915033029e-003	4.396980e-001
4.026028540033029e-003	4.510019e-001
4.035794165033029e-003	4.584309e-001
4.045559790033028e-003	4.640314e-001
4.055325415033028e-003	4.685957e-001
4.065091040033028e-003	4.724583e-001
4.074856665033028e-003	4.758299e-001
4.077986092402274e-003	4.767531e-001
4.080748097205622e-003	4.774257e-001
4.082352249251623e-003	4.777508e-001
4.084349674730542e-003	4.780906e-001
4.086164435433665e-003	4.783527e-001
4.088442626829564e-003	4.786274e-001
4.090867553451916e-003	4.788685e-001
4.093773064303602e-003	4.791002e-001
4.097511982334197e-003	4.793335e-001
4.102028505887357e-003	4.795450e-001
4.108738890632967e-003	4.797691e-001
4.117528885434390e-003	4.799717e-001
4.127294510434389e-003	4.801233e-001
4.137060135434389e-003	4.802259e-001
4.146825760434389e-003	4.802969e-001
4.156591385434389e-003	4.803473e-001
4.176122635434388e-003	4.804069e-001
4.195653885434388e-003	4.804260e-001
4.215185135434387e-003	4.804101e-001
4.234716385434387e-003	4.803564e-001
4.244482010434387e-003	4.803115e-001
4.254247635434387e-003	4.802499e-001
4.264013260434386e-003	4.801648e-001
4.273778885434386e-003	4.800451e-001
4.283544510434386e-003	4.798786e-001
4.290234010841798e-003	4.797221e-001
4.296278475682419e-003	4.795375e-001
4.300758813445829e-003	4.793650e-001
4.305191981155979e-003	4.791562e-001
4.307824057578612e-003	4.790030e-001
4.310435287864392e-003	4.788097e-001
4.312654506602240e-003	4.785976e-001
4.314825925147052e-003	4.783202e-001
4.318391657606203e-003	4.777255e-001
4.322017201074216e-003	4.769300e-001
4.329207245609848e-003	4.749031e-001
4.336758804339280e-003	4.722618e-001
4.346524429339280e-003	4.681220e-001
4.356290054339279e-003	4.632175e-001
4.366055679339279e-003	4.573957e-001
4.375821304339279e-003	4.504138e-001
4.385586929339279e-003	4.418499e-001
4.395352554339278e-003	4.309753e-001
4.405118179339278e-003	4.164042e-001
4.414883804339278e-003	3.954164e-001
4.424649429339278e-003	3.633027e-001
4.434415054339278e-003	3.142035e-001
4.444180679339277e-003	2.442648e-001
4.453946304339277e-003	1.540617e-001
4.463711929339277e-003	4.740365e-002
4.473477554339277e-003	-7.087991e-002
4.483243179339277e-003	-1.935127e-001
4.491171559378549e-003	-2.847896e-001
4.499317860751699e-003	-3.573647e-001
4.506246996103783e-003	-3.974388e-001
4.513840288515887e-003	-4.225020e-001
4.523605913515887e-003	-4.407724e-001
4.533371538515887e-003	-4.516844e-001
4.543137163515887e-003	-4.588983e-001
4.552902788515886e-003	-4.643540e-001
4.562668413515886e-003	-4.688010e-001
4.572434038515886e-003	-4.726310e-001
4.576524850177834e-003	-4.740734e-001
4.578584685456120e-003	-4.747544e-001
4.578596191238561e-003	-4.747581e-001
4.578757272192745e-003	-4.748096e-001
4.578941364711812e-003	-4.748682e-001
4.579309549749947e-003	-4.749850e-001
4.579947290850224e-003	-4.751860e-001
4.580346536438986e-003	-4.753109e-001
4.581734241099574e-003	-4.757379e-001
4.582977190704771e-003	-4.761128e-001
4.583819062369348e-003	-4.763588e-001
4.584674053635216e-003	-4.765947e-001
4.585972907307399e-003	-4.769279e-001
4.587272398197056e-003	-4.772283e-001
4.589871379976370e-003	-4.777567e-001
4.592344810958722e-003	-4.781944e-001
4.595629087237225e-003	-4.787080e-001
4.599478889444096e-003	-4.792874e-001
4.605821397910570e-003	-4.802754e-001
4.612458490860470e-003	-4.813610e-001
4.621910472479235e-003	-4.829081e-001
4.629354600293965e-003	-4.840132e-001
4.635283188694933e-003	-4.846970e-001
4.641855247365665e-003	-4.852019e-001
4.647127386787573e-003	-4.854442e-001
4.653005357431195e-003	-4.855902e-001
4.662770982431195e-003	-4.857175e-001
4.672536607431195e-003	-4.857792e-001
4.682302232431194e-003	-4.858036e-001
4.692067857431194e-003	-4.858097e-001
4.701833482431194e-003	-4.858034e-001
4.711599107431194e-003	-4.857847e-001
4.721364732431193e-003	-4.857485e-001
4.731130357431193e-003	-4.856807e-001
4.740895982431193e-003	-4.855412e-001
4.750661607431193e-003	-4.852264e-001
4.760427232431193e-003	-4.845756e-001
4.769609583817451e-003	-4.835347e-001
4.778211818809186e-003	-4.821852e-001
4.783971106051969e-003	-4.811217e-001
4.786802133976617e-003	-4.805905e-001
4.790712688458316e-003	-4.799184e-001
4.792752048461644e-003	-4.796090e-001
4.794069249508443e-003	-4.794289e-001
4.795336019591832e-003	-4.792606e-001
4.796627880277898e-003	-4.790851e-001
4.797867884404521e-003	-4.789078e-001
4.799518201935350e-003	-4.786580e-001
4.800491771036477e-003	-4.785016e-001
4.801481821485563e-003	-4.783320e-001
4.802968884046751e-003	-4.780602e-001
4.804747661771826e-003	-4.777112e-001
4.806536887453347e-003	-4.773322e-001
4.808391562096869e-003	-4.769090e-001
4.810374800623625e-003	-4.764222e-001
4.812811157602655e-003	-4.757695e-001
4.817683871560716e-003	-4.742928e-001
4.827429299476837e-003	-4.708828e-001
4.837194924476837e-003	-4.668852e-001
4.846960549476836e-003	-4.621703e-001
4.856726174476836e-003	-4.565998e-001
4.866491799476836e-003	-4.499330e-001
4.876257424476836e-003	-4.417788e-001
4.886023049476836e-003	-4.314799e-001
4.895788674476835e-003	-4.178528e-001
4.905554299476835e-003	-3.985536e-001
4.915319924476835e-003	-3.692879e-001
4.925085549476835e-003	-3.243741e-001
4.934851174476835e-003	-2.595330e-001
4.944616799476834e-003	-1.744814e-001
4.954382424476834e-003	-7.241362e-002
4.964148049476834e-003	4.226661e-002
4.973913674476834e-003	1.634318e-001
4.982501883598668e-003	2.642153e-001
4.991446901396164e-003	3.485158e-001
4.998501937742666e-003	3.925410e-001
5.006234168680540e-003	4.199395e-001
5.015999793680540e-003	4.393536e-001
5.025765418680540e-003	4.507889e-001
5.035531043680539e-003	4.582768e-001
5.045296668680539e-003	4.639083e-001
5.055062293680539e-003	4.684926e-001
5.064827918680539e-003	4.723704e-001
5.074593543680539e-003	4.757528e-001
5.077872921584835e-003	4.767275e-001
5.080475207127780e-003	4.773698e-001
5.082109087063047e-003	4.777066e-001
5.084117727857758e-003	4.780536e-001
5.086226680783448e-003	4.783593e-001
5.088818660415338e-003	4.786653e-001
5.091926886692026e-003	4.789556e-001
5.095896529119688e-003	4.792377e-001
5.100876650554579e-003	4.794964e-001
5.107301288998888e-003	4.797281e-001
5.117066913998888e-003	4.799645e-001
5.126702494973252e-003	4.801192e-001
5.136468119973252e-003	4.802228e-001
5.146233744973252e-003	4.802949e-001
5.155999369973251e-003	4.803463e-001
5.175530619973251e-003	4.804072e-001
5.195061869973251e-003	4.804274e-001
5.214593119973250e-003	4.804126e-001
5.234124369973250e-003	4.803602e-001
5.243889994973250e-003	4.803161e-001
5.253655619973249e-003	4.802557e-001
5.263421244973249e-003	4.801724e-001
5.273186869973249e-003	4.800578e-001
5.280684704721466e-003	4.799360e-001
5.288627238284726e-003	4.797670e-001
5.293308876727982e-003	4.796385e-001
5.299862617954837e-003	4.794089e-001
5.304155252431410e-003	4.792120e-001
5.308594381193697e-003	4.789459e-001
5.311066880727243e-003	4.787504e-001
5.313563558895297e-003	4.784845e-001
5.316230905052223e-003	4.781029e-001
5.320083731569576e-003	4.773724e-001
5.325099077305211e-003	4.761325e-001
5.332521439233716e-003	4.737911e-001
5.342287064233716e-003	4.700038e-001
5.352052689233716e-003	4.654584e-001
5.361818314233715e-003	4.600567e-001
5.371583939233715e-003	4.536187e-001
5.381349564233715e-003	4.458100e-001
5.391115189233715e-003	4.360593e-001
5.400880814233715e-003	4.233474e-001
5.410646439233714e-003	4.056580e-001
5.420412064233714e-003	3.791282e-001
5.430177689233714e-003	3.380822e-001
5.439943314233714e-003	2.773837e-001
5.449708939233714e-003	1.956369e-001
5.459474564233713e-003	9.556602e-002
5.469240189233713e-003	-1.833670e-002
5.479005814233713e-003	-1.399485e-001
5.488771439233713e-003	-2.563915e-001
5.498222979599544e-003	-3.473967e-001
5.505537416640696e-003	-3.935048e-001
5.513467759768630e-003	-4.213229e-001
5.523233384768630e-003	-4.402579e-001
5.532999009768630e-003	-4.513600e-001
5.542764634768630e-003	-4.586607e-001
5.552530259768629e-003	-4.641631e-001
5.562295884768629e-003	-4.686407e-001
5.572061509768629e-003	-4.724956e-001
5.576067700322001e-003	-4.739272e-001
5.576229526974650e-003	-4.739818e-001
5.576553180279946e-003	-4.740888e-001
5.577200486890538e-003	-4.743008e-001
5.578495100111724e-003	-4.747198e-001
5.579439157671633e-003	-4.750211e-001
5.580255619142125e-003	-4.752780e-001
5.581339267573199e-003	-4.756133e-001
5.582507277955228e-003	-4.759683e-001
5.583328903902885e-003	-4.762125e-001
5.584276985431977e-003	-4.764830e-001
5.585242338464163e-003	-4.767426e-001
5.586271472368411e-003	-4.769980e-001
5.587876675704795e-003	-4.773561e-001
5.590441278498299e-003	-4.778593e-001
5.593116501933715e-003	-4.783161e-001
5.596702732114118e-003	-4.788674e-001
5.600611334870817e-003	-4.794579e-001
5.607094756830006e-003	-4.804804e-001
5.613917388847339e-003	-4.816013e-001
5.623683013847339e-003	-4.831851e-001
5.630400578755378e-003	-4.841467e-001
5.636679673544822e-003	-4.848296e-001
5.642278856446429e-003	-4.852266e-001
5.648342236552507e-003	-4.854780e-001
5.654351228191950e-003	-4.856148e-001
5.664116853191950e-003	-4.857280e-001
5.673882478191950e-003	-4.857827e-001
5.683648103191949e-003	-4.858040e-001
5.693413728191949e-003	-4.858083e-001
5.703179353191949e-003	-4.858004e-001
5.712944978191949e-003	-4.857797e-001
5.722710603191948e-003	-4.857403e-001
5.732476228191948e-003	-4.856660e-001
5.742241853191948e-003	-4.855101e-001
5.752007478191948e-003	-4.851605e-001
5.761573956597058e-003	-4.844625e-001
5.771231238277158e-003	-4.832929e-001
5.779928043315527e-003	-4.818749e-001
5.784879436351737e-003	-4.809498e-001
5.787681302033360e-003	-4.804323e-001
5.791334149006360e-003	-4.798237e-001
5.793133875243876e-003	-4.795580e-001
5.794340416221006e-003	-4.793945e-001
5.796147238740609e-003	-4.791517e-001
5.797479592062664e-003	-4.789656e-001
5.798774732109141e-003	-4.787746e-001
5.799735124424259e-003	-4.786252e-001
5.800717135085399e-003	-4.784641e-001
5.801694417953428e-003	-4.782956e-001
5.802769097352025e-003	-4.780979e-001
5.804918456149221e-003	-4.776724e-001
5.807019481078249e-003	-4.772223e-001
5.808945460774371e-003	-4.767751e-001
5.813815143830547e-003	-4.754819e-001
5.819540932396595e-003	-4.736914e-001
5.829306557396594e-003	-4.701618e-001
5.839072182396594e-003	-4.660326e-001
5.848837807396594e-003	-4.611665e-001
5.858603432396594e-003	-4.554072e-001
5.868369057396594e-003	-4.484900e-001
5.878134682396593e-003	-4.399847e-001
5.887900307396593e-003	-4.291591e-001
5.897665932396593e-003	-4.146325e-001
5.907431557396593e-003	-3.937221e-001
5.917197182396593e-003	-3.618450e-001
5.926962807396592e-003	-3.133556e-001
5.936728432396592e-003	-2.445443e-001
5.946494057396592e-003	-1.559195e-001
5.956259682396592e-003	-5.108139e-002
5.966025307396592e-003	6.542613e-002
5.975790932396591e-003	1.868683e-001
5.983784777740983e-003	2.789115e-001
5.992149397729307e-003	3.544706e-001
5.999054787639780e-003	3.953916e-001
6.006655231267052e-003	4.211722e-001
6.016420856267052e-003	4.399691e-001
6.026186481267052e-003	4.511670e-001
6.035952106267051e-003	4.585495e-001
6.045717731267051e-003	4.641263e-001
6.055483356267051e-003	4.686756e-001
6.065248981267051e-003	4.725228e-001
6.075014606267051e-003	4.758666e-001
6.078326582623111e-003	4.768219e-001
6.081749867503286e-003	4.776184e-001
6.083795164839375e-003	4.780061e-001
6.085378608780464e-003	4.782504e-001
6.087537334190379e-003	4.785296e-001
6.089755858915037e-003	4.787720e-001
6.091782265578031e-003	4.789568e-001
6.094161870032484e-003	4.791375e-001
6.096862285537795e-003	4.793084e-001
6.099662058881288e-003	4.794538e-001
6.103283689594527e-003	4.796070e-001
6.106943806678413e-003	4.797312e-001
6.112216388910289e-003	4.798722e-001
6.117461769719068e-003	4.799802e-001
6.125711058142192e-003	4.801065e-001
6.134030630343711e-003	4.802004e-001
6.143796255343711e-003	4.802794e-001
6.153561880343710e-003	4.803361e-001
6.173093130343710e-003	4.804034e-001
6.192624380343710e-003	4.804282e-001
6.212155630343709e-003	4.804177e-001
6.231686880343709e-003	4.803705e-001
6.241452505343709e-003	4.803298e-001
6.251218130343708e-003	4.802740e-001
6.260983755343708e-003	4.801972e-001
6.270749380343708e-003	4.800898e-001
6.280515005343708e-003	4.799413e-001
6.287251727520094e-003	4.798006e-001
6.293872710392007e-003	4.796203e-001
6.298199308237932e-003	4.794720e-001
6.302761323167474e-003	4.792809e-001
6.305920178972830e-003	4.791218e-001
6.308657922607481e-003	4.789549e-001
6.310532018719384e-003	4.788130e-001
6.312642999782969e-003	4.786105e-001
6.314614385927663e-003	4.783624e-001
6.318077451458136e-003	4.777923e-001
6.321982872336713e-003	4.769430e-001
6.329168243685891e-003	4.749259e-001
6.336754642487916e-003	4.722739e-001
6.346520267487916e-003	4.681354e-001
6.356285892487916e-003	4.632320e-001
6.366051517487916e-003	4.574119e-001
6.375817142487915e-003	4.504325e-001
6.385582767487915e-003	4.418724e-001
6.395348392487915e-003	4.310035e-001
6.405114017487915e-003	4.164422e-001
6.414879642487915e-003	3.954716e-001
6.424645267487914e-003	3.633866e-001
6.434410892487914e-003	3.143272e-001
6.444176517487914e-003	2.444313e-001
6.453942142487914e-003	1.542650e-001
6.463707767487914e-003	4.763421e-002
6.473473392487913e-003	-7.063320e-002
6.483239017487913e-003	-1.932697e-001
6.491171201845834e-003	-2.846171e-001
6.499323463791953e-003	-3.572929e-001
6.506248219177191e-003	-3.973794e-001
6.513837735622492e-003	-4.224560e-001
6.523603360622491e-003	-4.407463e-001
6.533368985622491e-003	-4.516682e-001
6.543134610622491e-003	-4.588864e-001
6.552900235622491e-003	-4.643442e-001
6.562665860622491e-003	-4.687926e-001
6.572431485622490e-003	-4.726283e-001
6.576178058510187e-003	-4.739515e-001
6.578556882313619e-003	-4.747329e-001
6.580750822674369e-003	-4.754273e-001
6.582102736726938e-003	-4.758427e-001
6.583461090825174e-003	-4.762466e-001
6.584527262438174e-003	-4.765481e-001
6.585630109947906e-003	-4.768380e-001
6.586849054254440e-003	-4.771301e-001
6.588670267088807e-003	-4.775182e-001
6.591386964812407e-003	-4.780240e-001
6.594267767943270e-003	-4.784941e-001
6.598308907509238e-003	-4.791042e-001
6.602350499001050e-003	-4.797229e-001
6.610184512346330e-003	-4.809854e-001
6.617652518382457e-003	-4.822117e-001
6.627418143382457e-003	-4.837348e-001
6.633228190319923e-003	-4.844743e-001
6.640361791977460e-003	-4.851105e-001
6.644749962444543e-003	-4.853542e-001
6.650817937445517e-003	-4.855396e-001
6.658937996345936e-003	-4.856770e-001
6.668703621345935e-003	-4.857585e-001
6.678469246345935e-003	-4.857942e-001
6.688234871345935e-003	-4.858065e-001
6.698000496345935e-003	-4.858049e-001
6.707766121345935e-003	-4.857913e-001
6.717531746345934e-003	-4.857631e-001
6.727297371345934e-003	-4.857107e-001
6.737062996345934e-003	-4.856074e-001
6.746828621345934e-003	-4.853888e-001
6.755511555909159e-003	-4.849708e-001
6.764603408494001e-003	-4.841510e-001
6.774369033494001e-003	-4.827988e-001
6.783829434734381e-003	-4.811466e-001
6.787691426839301e-003	-4.804449e-001
6.792114173193756e-003	-4.796959e-001
6.792125123475097e-003	-4.796943e-001
6.792168924600462e-003	-4.796881e-001
6.792227326100947e-003	-4.796798e-001
6.792344129101919e-003	-4.796633e-001
6.792577735103862e-003	-4.796307e-001
6.793044947107748e-003	-4.795670e-001
6.793979371115520e-003	-4.794424e-001
6.794882365883317e-003	-4.793230e-001
6.795839733246323e-003	-4.791947e-001
6.796960261178337e-003	-4.790392e-001
6.798370438326245e-003	-4.788346e-001
6.799375132247857e-003	-4.786814e-001
6.800188270794655e-003	-4.785511e-001
6.801062678055941e-003	-4.784037e-001
6.802378307526866e-003	-4.781697e-001
6.803694560182535e-003	-4.779213e-001
6.805075991149269e-003	-4.776429e-001
6.806786111351128e-003	-4.772758e-001
6.808247209388012e-003	-4.769408e-001
6.812702847892521e-003	-4.757955e-001
6.817457223640477e-003	-4.743612e-001
6.826965975136387e-003	-4.710537e-001
6.836731600136387e-003	-4.670835e-001
6.846497225136387e-003	-4.624044e-001
6.856262850136387e-003	-4.568782e-001
6.866028475136387e-003	-4.502695e-001
6.875794100136386e-003	-4.421962e-001
6.885559725136386e-003	-4.320174e-001
6.895325350136386e-003	-4.185834e-001
6.905090975136386e-003	-3.996203e-001
6.914856600136386e-003	-3.709325e-001
6.924622225136385e-003	-3.268628e-001
6.934387850136385e-003	-2.629909e-001
6.944153475136385e-003	-1.788275e-001
6.953919100136385e-003	-7.745729e-002
6.963684725136385e-003	3.674410e-002
6.973450350136384e-003	1.573261e-001
6.983215975136384e-003	2.711464e-001
6.992005823666031e-003	3.525452e-001
6.999050419926782e-003	3.949879e-001
7.006841649597775e-003	4.215194e-001
7.016607274597774e-003	4.402332e-001
7.026372899597774e-003	4.513324e-001
7.036138524597774e-003	4.586700e-001
7.045904149597774e-003	4.642230e-001
7.055669774597774e-003	4.687569e-001
7.065435399597773e-003	4.725910e-001
7.075201024597773e-003	4.759152e-001
7.078670833128491e-003	4.769060e-001
7.081943550977627e-003	4.776569e-001
7.083837467389414e-003	4.780098e-001
7.085628769685628e-003	4.782828e-001
7.087685795747783e-003	4.785463e-001
7.089856866467648e-003	4.787798e-001
7.092136105802935e-003	4.789840e-001
7.094643523101966e-003	4.791698e-001
7.097482452668305e-003	4.793434e-001
7.100291881020860e-003	4.794841e-001
7.103889368905582e-003	4.796310e-001
7.107420003650867e-003	4.797476e-001
7.112282006368171e-003	4.798756e-001
7.117375485527989e-003	4.799802e-001
7.125216396251281e-003	4.801018e-001
7.133612716249087e-003	4.801980e-001
7.143378341249087e-003	4.802781e-001
7.153143966249087e-003	4.803354e-001
7.172675216249086e-003	4.804038e-001
7.192206466249086e-003	4.804293e-001
7.211737716249085e-003	4.804196e-001
7.231268966249085e-003	4.803732e-001
7.241034591249085e-003	4.803331e-001
7.250800216249085e-003	4.802781e-001
7.260565841249084e-003	4.802023e-001
7.270331466249084e-003	4.800966e-001
7.280097091249084e-003	4.799458e-001
7.289862716249084e-003	4.797283e-001
7.298164497269177e-003	4.794537e-001
7.306218473388988e-003	4.790716e-001
7.310462743113193e-003	4.787844e-001
7.313309148025515e-003	4.785061e-001
7.316008967306721e-003	4.781252e-001
7.320861761556757e-003	4.771984e-001
7.325510433170496e-003	4.760275e-001
7.333494533884445e-003	4.734494e-001
7.343260158884445e-003	4.695941e-001
7.353025783884444e-003	4.649682e-001
7.362791408884444e-003	4.594744e-001
7.372557033884444e-003	4.529190e-001
7.382322658884444e-003	4.449493e-001
7.392088283884444e-003	4.349622e-001
7.401853908884443e-003	4.218747e-001
7.411619533884443e-003	4.035324e-001
7.421385158884443e-003	3.758542e-001
7.431150783884443e-003	3.330592e-001
7.440916408884443e-003	2.702637e-001
7.450682033884442e-003	1.865357e-001
7.460447658884442e-003	8.488976e-002
7.470213283884442e-003	-3.011200e-002
7.479978908884442e-003	-1.519244e-001
7.489744533884441e-003	-2.673003e-001
7.498642689266821e-003	-3.511506e-001
7.505685207549258e-003	-3.944039e-001
7.513441670525178e-003	-4.212413e-001
7.523207295525178e-003	-4.401630e-001
7.532972920525178e-003	-4.513152e-001
7.542738545525177e-003	-4.586338e-001
7.552504170525177e-003	-4.641431e-001
7.562269795525177e-003	-4.686241e-001
7.572035420525177e-003	-4.724810e-001
7.576075427940013e-003	-4.739251e-001
7.576238648814762e-003	-4.739801e-001
7.576565090564261e-003	-4.740880e-001
7.577217974063260e-003	-4.743019e-001
7.578523741061255e-003	-4.747244e-001
7.579473836525505e-003	-4.750274e-001
7.580314246486755e-003	-4.752918e-001
7.581409438899546e-003	-4.756304e-001
7.582593616662371e-003	-4.759897e-001
7.583425462136368e-003	-4.762355e-001
7.584534845341637e-003	-4.765482e-001
7.585564273752165e-003	-4.768202e-001
7.586616580476974e-003	-4.770736e-001
7.588721193926592e-003	-4.775242e-001
7.591357111421110e-003	-4.780157e-001
7.594359825674643e-003	-4.785037e-001
7.598730615956642e-003	-4.791641e-001
7.603062950881736e-003	-4.798305e-001
7.610616586959027e-003	-4.810537e-001
7.618762614704141e-003	-4.823880e-001
7.628528239704141e-003	-4.838813e-001
7.634401138993624e-003	-4.845963e-001
7.641284454817245e-003	-4.851656e-001
7.645788733694532e-003	-4.853936e-001
7.651846346426843e-003	-4.855598e-001
7.661441712666120e-003	-4.857012e-001
7.671207337666120e-003	-4.857703e-001
7.680972962666120e-003	-4.857981e-001
7.690738587666120e-003	-4.858061e-001
7.700504212666120e-003	-4.858014e-001
7.710269837666119e-003	-4.857846e-001
7.720035462666119e-003	-4.857513e-001
7.729801087666119e-003	-4.856891e-001
7.739566712666119e-003	-4.855636e-001
7.749332337666118e-003	-4.852922e-001
7.758102747688440e-003	-4.847823e-001
7.767138707320680e-003	-4.838485e-001
7.776904332320680e-003	-4.823954e-001
7.783882587015488e-003	-4.811377e-001
7.787499477783852e-003	-4.804684e-001
7.791479296895200e-003	-4.797837e-001
7.791574225685871e-003	-4.797697e-001
7.791682715732352e-003	-4.797538e-001
7.791899695825316e-003	-4.797224e-001
7.792333656011242e-003	-4.796611e-001
7.793201576383095e-003	-4.795423e-001
7.794036725344922e-003	-4.794311e-001
7.795150307866902e-003	-4.792841e-001
7.796071420765831e-003	-4.791603e-001
7.797186235621424e-003	-4.790040e-001
7.798888760853147e-003	-4.787531e-001
7.799877339970823e-003	-4.785984e-001
7.801072739477847e-003	-4.783994e-001
7.802260497934046e-003	-4.781901e-001
7.803419076681820e-003	-4.779732e-001
7.804833860093717e-003	-4.776909e-001
7.806560874787021e-003	-4.773230e-001
7.808263887942956e-003	-4.769344e-001
7.810289468007580e-003	-4.764386e-001
7.812554356320179e-003	-4.758362e-001
7.817084132945375e-003	-4.744806e-001
7.826143686195768e-003	-4.713628e-001
7.835909311195767e-003	-4.674415e-001
7.845674936195767e-003	-4.628261e-001
7.855440561195767e-003	-4.573785e-001
7.865206186195767e-003	-4.508728e-001
7.874971811195767e-003	-4.429423e-001
7.884737436195766e-003	-4.329746e-001
7.894503061195766e-003	-4.198782e-001
7.904268686195766e-003	-4.015010e-001
7.914034311195766e-003	-3.738258e-001
7.923799936195766e-003	-3.312554e-001
7.933565561195765e-003	-2.691318e-001
7.943331186195765e-003	-1.865904e-001
7.953096811195765e-003	-8.650367e-002
7.962862436195765e-003	2.680314e-002
7.972628061195764e-003	1.472583e-001
7.982393686195764e-003	2.620676e-001
7.991615018869696e-003	3.491929e-001
7.998853660519752e-003	3.939268e-001
8.006752213407253e-003	4.212843e-001
8.016517838407252e-003	4.401370e-001
8.026283463407252e-003	4.512648e-001
8.036049088407252e-003	4.586178e-001
8.045814713407252e-003	4.641803e-001
8.055580338407252e-003	4.687209e-001
8.065345963407251e-003	4.725610e-001
8.075111588407251e-003	4.758967e-001
8.078412896335062e-003	4.768457e-001
8.081790699148828e-003	4.776288e-001
8.083782090033945e-003	4.780052e-001
8.085402141894753e-003	4.782548e-001
8.087598674095699e-003	4.785386e-001
8.089765561128252e-003	4.787750e-001
8.091821129080567e-003	4.789621e-001
8.094155598943071e-003	4.791395e-001
8.096828835361244e-003	4.793089e-001
8.099603714446957e-003	4.794536e-001
8.103176237747553e-003	4.796055e-001
8.106827339188329e-003	4.797301e-001
8.112068171563918e-003	4.798712e-001
8.117313244208222e-003	4.799800e-001
8.125514935376986e-003	4.801065e-001
8.133804857720181e-003	4.802008e-001
8.143570482720181e-003	4.802804e-001
8.153336107720181e-003	4.803376e-001
8.172867357720180e-003	4.804054e-001
8.192398607720180e-003	4.804306e-001
8.211929857720179e-003	4.804206e-001
8.231461107720179e-003	4.803738e-001
8.241226732720179e-003	4.803335e-001
8.250992357720179e-003	4.802781e-001
8.260757982720178e-003	4.802019e-001
8.270523607720178e-003	4.800954e-001
8.280289232720178e-003	4.799482e-001
8.286987034764071e-003	4.798096e-001
8.293590013741118e-003	4.796318e-001
8.297925947785223e-003	4.794849e-001
8.302500957142585e-003	4.792953e-001
8.305778481208738e-003	4.791311e-001
8.308644926152879e-003	4.789562e-001
8.310610983564146e-003	4.788060e-001
8.312802698184440e-003	4.785922e-001
8.314859456161498e-003	4.783278e-001
8.318422817370946e-003	4.777269e-001
8.322452651652615e-003	4.768310e-001
8.329751426695184e-003	4.747399e-001
8.337621731556217e-003	4.719400e-001
8.347387356556216e-003	4.677375e-001
8.357152981556216e-003	4.627595e-001
8.366918606556216e-003	4.568492e-001
8.376684231556216e-003	4.497507e-001
8.386449856556216e-003	4.410225e-001
8.396215481556215e-003	4.298986e-001
8.405981106556215e-003	4.149134e-001
8.415746731556215e-003	3.931888e-001
8.425512356556215e-003	3.598408e-001
8.435277981556215e-003	3.090405e-001
8.445043606556214e-003	2.372687e-001
8.454809231556214e-003	1.454726e-001
8.464574856556214e-003	3.761158e-002
8.474340481556214e-003	-8.138371e-002
8.484106106556213e-003	-2.037554e-001
8.492011623659678e-003	-2.932895e-001
8.500021059143466e-003	-3.618811e-001
8.507367690513518e-003	-4.018495e-001
8.515078821788449e-003	-4.255344e-001
8.524844446788448e-003	-4.424495e-001
8.534610071788448e-003	-4.527157e-001
8.544375696788448e-003	-4.596439e-001
8.554141321788448e-003	-4.649498e-001
8.563906946788448e-003	-4.693002e-001
8.573672571788447e-003	-4.731118e-001
8.573679724345820e-003	-4.731143e-001
8.573708334575313e-003	-4.731241e-001
8.573975363383907e-003	-4.732160e-001
8.574280539165157e-003	-4.733204e-001
8.574890890727657e-003	-4.735275e-001
8.576111593852657e-003	-4.739363e-001
8.577306075983617e-003	-4.743295e-001
8.578858018528358e-003	-4.748311e-001
8.579716995217954e-003	-4.751039e-001
8.580689424384821e-003	-4.754080e-001
8.581401929509647e-003	-4.756280e-001
8.582072808195505e-003	-4.758320e-001
8.583414565567219e-003	-4.762309e-001
8.584387671358726e-003	-4.765080e-001
8.585391101187598e-003	-4.767749e-001
8.586599956972788e-003	-4.770701e-001
8.588224528761922e-003	-4.774252e-001
8.590841685086321e-003	-4.779267e-001
8.593561316586821e-003	-4.783823e-001
8.597185997370622e-003	-4.789347e-001
8.601001042612988e-003	-4.795137e-001
8.608631133097722e-003	-4.807276e-001
8.615503244031432e-003	-4.818575e-001
8.625268869031432e-003	-4.834231e-001
8.631397272032311e-003	-4.842534e-001
8.639236287776761e-003	-4.850211e-001
8.644244688877666e-003	-4.853267e-001
8.650257797460466e-003	-4.855271e-001
8.657111361346108e-003	-4.856537e-001
8.666876986346108e-003	-4.857449e-001
8.676642611346108e-003	-4.857875e-001
8.686408236346107e-003	-4.858031e-001
8.696173861346107e-003	-4.858038e-001
8.705939486346107e-003	-4.857926e-001
8.715705111346107e-003	-4.857675e-001
8.725470736346106e-003	-4.857208e-001
8.735236361346106e-003	-4.856305e-001
8.745001986346106e-003	-4.854341e-001
8.754767611346106e-003	-4.850076e-001
8.763569246533338e-003	-4.842637e-001
8.773334871533338e-003	-4.829635e-001
8.782112294891124e-003	-4.814590e-001
8.786183594134784e-003	-4.806996e-001
8.789930732959783e-003	-4.800375e-001
8.792339707077712e-003	-4.796626e-001
8.793896241179034e-003	-4.794460e-001
8.794974979108123e-003	-4.793026e-001
8.796249541386237e-003	-4.791310e-001
8.797537258080034e-003	-4.789498e-001
8.799035613393205e-003	-4.787274e-001
8.799963209439052e-003	-4.785815e-001
8.801126566416791e-003	-4.783874e-001
8.802248237358068e-003	-4.781895e-001
8.803459159819043e-003	-4.779627e-001
8.804858515237365e-003	-4.776835e-001
8.806595909869335e-003	-4.773132e-001
8.808274124531362e-003	-4.769302e-001
8.810289442946928e-003	-4.764369e-001
8.812589092611551e-003	-4.758247e-001
8.817188391940798e-003	-4.744455e-001
8.826386990599292e-003	-4.712703e-001
8.836152615599292e-003	-4.673347e-001
8.845918240599292e-003	-4.627005e-001
8.855683865599292e-003	-4.572296e-001
8.865449490599291e-003	-4.506934e-001
8.875215115599291e-003	-4.427206e-001
8.884980740599291e-003	-4.326906e-001
8.894746365599291e-003	-4.194947e-001
8.904511990599291e-003	-4.009452e-001
8.914277615599290e-003	-3.729714e-001
8.924043240599290e-003	-3.299562e-001
8.933808865599290e-003	-2.673101e-001
8.943574490599290e-003	-1.842809e-001
8.953340115599289e-003	-8.380671e-002
8.963105740599289e-003	2.977215e-002
8.972871365599289e-003	1.502755e-001
8.982636990599289e-003	2.648128e-001
8.991719520746653e-003	3.501516e-001
8.998891165895549e-003	3.941721e-001
9.006748054423506e-003	4.212826e-001
9.016513679423506e-003	4.401241e-001
9.026279304423505e-003	4.512603e-001
9.036044929423505e-003	4.586160e-001
9.045810554423505e-003	4.641793e-001
9.055576179423505e-003	4.687203e-001
9.065341804423505e-003	4.725605e-001
9.075107429423504e-003	4.758953e-001
9.078461137081806e-003	4.768586e-001
9.081811101321122e-003	4.776342e-001
9.083777820383268e-003	4.780053e-001
9.085421533711753e-003	4.782581e-001
9.087637811694591e-003	4.785441e-001
9.089788644472742e-003	4.787782e-001
9.091866515660706e-003	4.789669e-001
9.094190323899855e-003	4.791430e-001
9.096868748128414e-003	4.793123e-001
9.099642899102582e-003	4.794566e-001
9.103206894499812e-003	4.796079e-001
9.106854745159054e-003	4.797322e-001
9.112058735294672e-003	4.798723e-001
9.117265479358302e-003	4.799796e-001
9.126507329321930e-003	4.801203e-001
9.134909044022971e-003	4.802134e-001
9.144674669022971e-003	4.802895e-001
9.154440294022971e-003	4.803442e-001
9.173971544022970e-003	4.804091e-001
9.193502794022970e-003	4.804322e-001
9.213034044022970e-003	4.804202e-001
9.232565294022969e-003	4.803711e-001
9.242330919022969e-003	4.803293e-001
9.252096544022969e-003	4.802718e-001
9.261862169022968e-003	4.801928e-001
9.271627794022968e-003	4.800821e-001
9.281393419022968e-003	4.799283e-001
9.288253000923095e-003	4.797795e-001
9.294884473732891e-003	4.795916e-001
9.299178705126820e-003	4.794380e-001
9.303710859664610e-003	4.792407e-001
9.306558789926908e-003	4.790938e-001
9.308573403757859e-003	4.789682e-001
9.310576180261845e-003	4.788136e-001
9.312727422968840e-003	4.786038e-001
9.314848448297917e-003	4.783298e-001
9.318626866496378e-003	4.776904e-001
9.322452647609428e-003	4.768336e-001
9.330104209835530e-003	4.746267e-001
9.337775760831776e-003	4.718863e-001
9.347541385831775e-003	4.676666e-001
9.357307010831775e-003	4.626751e-001
9.367072635831775e-003	4.567487e-001
9.376838260831775e-003	4.496289e-001
9.386603885831775e-003	4.408703e-001
9.396369510831774e-003	4.297004e-001
9.406135135831774e-003	4.146380e-001
9.415900760831774e-003	3.927763e-001
9.425666385831774e-003	3.592004e-001
9.435432010831774e-003	3.080895e-001
9.445197635831773e-003	2.359873e-001
9.454963260831773e-003	1.439071e-001
9.464728885831773e-003	3.583287e-002
9.474494510831773e-003	-8.328389e-002
9.484260135831773e-003	-2.055885e-001
9.492169160145045e-003	-2.948658e-001
9.500158777512140e-003	-3.627718e-001
9.507565512027437e-003	-4.025957e-001
9.515327320488320e-003	-4.261057e-001
9.525092945488320e-003	-4.427758e-001
9.534858570488320e-003	-4.529189e-001
9.544624195488320e-003	-4.597921e-001
9.554389820488320e-003	-4.650687e-001
9.564155445488319e-003	-4.693999e-001
9.573921070488319e-003	-4.731964e-001
9.573928223045692e-003	-4.731989e-001
9.573956833275185e-003	-4.732087e-001
9.574223862083779e-003	-4.733002e-001
9.574529037865029e-003	-4.734043e-001
9.575139389427528e-003	-4.736105e-001
9.576360092552529e-003	-4.740180e-001
9.577413735916130e-003	-4.743641e-001
9.578799678297818e-003	-4.748116e-001
9.579673223040049e-003	-4.750891e-001
9.580621990492711e-003	-4.753861e-001
9.581955433018530e-003	-4.757957e-001
9.583236433629237e-003	-4.761802e-001
9.584037012683719e-003	-4.764127e-001
9.584767902424954e-003	-4.766141e-001
9.585662734154225e-003	-4.768431e-001
9.587452397612769e-003	-4.772613e-001
9.589188920479268e-003	-4.776233e-001
9.591408391584825e-003	-4.780253e-001
9.595030825259440e-003	-4.786051e-001
9.599096753315408e-003	-4.792183e-001
9.604095474705504e-003	-4.799898e-001
9.611356775904379e-003	-4.811723e-001
9.618853937747307e-003	-4.824085e-001
9.627632903219179e-003	-4.837678e-001
9.633458381434770e-003	-4.844995e-001
9.640470548681534e-003	-4.851164e-001
9.644813030122832e-003	-4.853545e-001
9.650789221819439e-003	-4.855343e-001
9.659809358212802e-003	-4.856824e-001
9.669574983212801e-003	-4.857603e-001
9.679340608212801e-003	-4.857930e-001
9.689106233212801e-003	-4.858036e-001
9.698871858212801e-003	-4.858008e-001
9.708637483212801e-003	-4.857862e-001
9.718403108212800e-003	-4.857561e-001
9.728168733212800e-003	-4.857002e-001
9.737934358212800e-003	-4.855897e-001
9.747699983212800e-003	-4.853436e-001
9.757465608212800e-003	-4.848192e-001
9.766272716219739e-003	-4.839529e-001
9.776038341219739e-003	-4.825281e-001
9.784939324560685e-003	-4.809473e-001
9.788082535594897e-003	-4.803808e-001
9.792465556074046e-003	-4.796685e-001
9.794667296143565e-003	-4.793506e-001
9.796250301453353e-003	-4.791329e-001
9.797875905443152e-003	-4.789003e-001
9.799538597052064e-003	-4.786476e-001
9.800538464312969e-003	-4.784858e-001
9.801613885888585e-003	-4.783002e-001
9.803081424884607e-003	-4.780298e-001
9.804945096389749e-003	-4.776594e-001
9.807059110121112e-003	-4.772039e-001
9.809120815041912e-003	-4.767239e-001
9.814047959856753e-003	-4.754042e-001
9.820148303935294e-003	-4.734809e-001
9.829913928935294e-003	-4.699169e-001
9.839679553935294e-003	-4.657444e-001
9.849445178935294e-003	-4.608275e-001
9.859210803935294e-003	-4.550040e-001
9.868976428935293e-003	-4.480011e-001
9.878742053935293e-003	-4.393746e-001
9.888507678935293e-003	-4.283654e-001
9.898273303935293e-003	-4.135349e-001
9.908038928935293e-003	-3.920888e-001
9.917804553935292e-003	-3.593216e-001
9.927570178935292e-003	-3.096093e-001
9.937335803935292e-003	-2.394770e-001
9.947101428935292e-003	-1.496961e-001
9.956867053935292e-003	-4.397451e-002
9.966632678935291e-003	7.308496e-002
9.976398303935291e-003	1.944182e-001
9.984382568433403e-003	2.853931e-001
9.992583056449693e-003	3.573659e-001
1.000000000000000e-002	4.036076e-001
