Freq.	Impedancia MAG	Impedancia PHA
0.01	1768388256.576576	-89.9999893223227
0.0102329299228075	1728134825.427778	-89.9999890500862
0.010471285480509	1688797674.2379975	-89.9999887957761
0.0107151930523761	1650355945.9289849	-89.9999885587171
0.0109647819614318	1612789258.1875334	-89.9999882981812
0.0112201845430196	1576077692.6585693	-89.9999880162719
0.0114815362149688	1540201784.3841074	-89.9999877149889
0.0117489755493953	1505142511.4827065	-89.9999874336313
0.0120226443461741	1470881285.0638103	-89.9999871714481
0.0123026877081238	1437399939.3716645	-89.9999868562788
0.0125892541179417	1404680722.1536226	-89.9999865272012
0.0128824955169313	1372706285.2476025	-89.9999862199154
0.0131825673855641	1341459675.383942	-89.9999859002671
0.0134896288259165	1310924325.196488	-89.999985569737
0.0138038426460288	1281084044.438388	-89.9999851978953
0.0141253754462275	1251923011.3978012	-89.9999849126746
0.0144543977074593	1223425764.5090125	-89.999984556909
0.0147910838816821	1195577194.154531	-89.9999841954494
0.0151356124843621	1168362534.6537201	-89.9999838294156
0.0154881661891248	1141767356.4338844	-89.9999834598641
0.0158489319246111	1115777558.3795123	-89.9999830600654
0.0162181009735893	1090379360.355655	-89.9999826599441
0.0165958690743756	1065559295.9015352	-89.9999822603388
0.0169824365246174	1041304205.0904471	-89.9999818361615
0.0173780082874937	1017601227.5521885	-89.9999814152014
0.0177827941003892	994437795.6543227	-89.9999809981074
0.0181970085860998	971801627.8386493	-89.9999805130418
0.0186208713666287	949680722.109375	-89.9999800835025
0.0190546071796325	928063349.6694775	-89.9999796144335
0.0194984459975804	906938048.7019377	-89.9999791545031
0.0199526231496888	886293618.2925676	-89.9999786600059
0.0204173794466953	866119112.4910992	-89.9999781988218
0.0208929613085404	846403834.5075154	-89.9999776855646
0.0213796208950223	827137331.0404667	-89.9999771453115
0.0218776162394955	808309386.7347891	-89.999976601046
0.0223872113856834	789910018.7652047	-89.9999760541449
0.0229086765276777	771929471.5432581	-89.999975505904
0.0234422881531992	754358211.5448214	-89.9999749387963
0.0239883291901949	737186922.2552572	-89.9999743735627
0.0245470891568503	720406499.2297777	-89.9999737575433
0.0251188643150958	704008045.2658126	-89.9999731653535
0.0257039578276886	687982865.6860956	-89.9999725111505
0.0263026799189538	672322463.7282952	-89.9999718839288
0.0269153480392691	657018536.0400034	-89.9999712178766
0.0275422870333816	642062968.2761858	-89.9999705488528
0.0281838293126445	627447830.7968589	-89.9999698628366
0.028840315031266	613165374.4626769	-89.9999691471316
0.0295120922666638	599208026.5262332	-89.9999684498466
0.0301995172040201	585568386.6169121	-89.9999676984403
0.0309029543251359	572239222.8170892	-89.9999669407135
0.0316227766016838	559213467.8276855	-89.999966178638
0.0323593656929628	546484215.2209892	-89.9999653869114
0.0331131121482591	534044715.77877474	-89.9999645824029
0.0338844156139202	521888373.913788	-89.9999637676151
0.0346736850452531	510008744.17265534	-89.999962932236
0.0354813389233575	498399527.81844896	-89.9999620545874
0.0363078054770101	487054569.49098957	-89.9999611634864
0.0371535229097172	475967853.9432037	-89.9999602616531
0.0380189396320561	465133502.85175776	-89.9999593400955
0.038904514499428	454545771.70029175	-89.9999583907258
0.0398107170553497	444199046.73360956	-89.9999574283819
0.0407380277804112	434087841.9811731	-89.9999564343325
0.0416869383470335	424206796.34838516	-89.9999554127295
0.0426579518801592	414550670.77406365	-89.9999543778026
0.0436515832240165	405114345.45261335	-89.999953322497
0.0446683592150962	395892817.1194443	-89.9999522306648
0.0457088189614874	386881196.398173	-89.999951116592
0.0467735141287197	378074705.20820993	-89.999949984045
0.0478630092322637	369468674.2313586	-89.9999488182194
0.0489778819368445	361058540.4360793	-89.9999476237248
0.0501187233627271	352839844.65811557	-89.9999464049211
0.0512861383991364	344808229.23617834	-89.9999451573608
0.0524807460249771	336959435.70149446	-89.9999438771472
0.0537031796370252	329289302.51976675	-89.9999425608994
0.0549540873857623	321793762.88489425	-89.9999412297067
0.0562341325190348	314468842.5625473	-89.9999398638559
0.0575439937337156	307310657.78301424	-89.9999384608243
0.0588843655355588	300315413.18197393	-89.9999370259672
0.0602559586074356	293479399.7881496	-89.9999355643481
0.0616595001861481	286798993.0567508	-89.9999340664981
0.0630957344480192	280270650.94770294	-89.9999325309416
0.0645654229034654	273890912.0476094	-89.9999309565363
0.0660693448007594	267656393.73445833	-89.9999293424489
0.067608297539198	261563790.38411644	-89.9999276946323
0.0691830970918935	255609871.61764228	-89.9999260187132
0.0707945784384136	249791480.58852503	-89.999924295178
0.0724435960074988	244105532.30876765	-89.9999225246706
0.0741310241300916	238549012.01335907	-89.9999207258055
0.0758577575029182	233118973.56168845	-89.9999188809938
0.077624711662869	227812537.87549657	-89.9999169857619
0.0794328234724279	222626891.41233984	-89.9999150528872
0.0812830516164097	217559284.67382613	-89.9999130726253
0.0831763771102669	212607030.7478084	-89.9999110574788
0.0851138038202374	207767503.88365498	-89.999908982934
0.0870963589956078	203038138.10018867	-89.9999068622502
0.0891250938133743	198416425.8250706	-89.9999046929911
0.0912010839355907	193899916.56527683	-89.9999024683898
0.0933254300796988	189486215.6078148	-89.999900196696
0.0954992586021433	185172982.75003576	-89.999897871904
0.0977237220955808	180957931.05874258	-89.9998954978249
0.0999999999999997	176838825.65775958	-89.9998930562507
0.102329299228075	172813482.54287747	-89.9998905695675
0.10471285480509	168879767.42389715	-89.9998880207057
0.10715193052376	165035594.5930119	-89.9998854067355
0.109647819614318	161278925.81886482	-89.9998827453707
0.112201845430196	157607769.26596588	-89.9998800099855
0.114815362149688	154020178.4385172	-89.9998772149503
0.117489755493953	150514251.14839193	-89.9998743587533
0.12022644346174101	147088128.50649956	-89.999871429402
0.12302687708123801	143739993.93728286	-89.9998684342083
0.125892541179416	140468072.21549094	-89.9998653732326
0.128824955169313	137270628.52488714	-89.999862233263
0.13182567385564	134145967.53853357	-89.9998590260036
0.134896288259165	131092432.51978447	-89.9998557429739
0.138038426460288	128108404.44397137	-89.9998523832255
0.141253754462275	125192301.13992453	-89.9998489463201
0.144543977074592	122342576.45104237	-89.9998454262107
0.14791083881682002	119557719.4156042	-89.9998418237796
0.15135612484362	116836253.46551968	-89.999838137386
0.15488166189124802	114176735.64354628	-89.9998343716751
0.15848931924611098	111577755.83810548	-89.9998305119342
0.162181009735892	109037936.03572872	-89.999826564219
0.16595869074375502	106555929.59031303	-89.9998225239564
0.169824365246174	104130420.50921252	-89.9998183900771
0.173780082874937	101760122.7553945	-89.9998141596
0.17782794100389201	99443779.56560393	-89.9998098328148
0.18197008586099803	97180162.784044	-89.9998054032836
0.18620871366628602	94968072.21112357	-89.9998008704218
0.190546071796324	92806334.96712919	-89.9997962319655
0.194984459975804	90693804.87038183	-89.9997914841848
0.19952623149688697	88629361.82945053	-89.9997866264857
0.20417379446695202	86611911.24930938	-89.9997816589407
0.20892961308540303	84640383.45095615	-89.9997765696173
0.21379620895022197	82713733.1042561	-89.9997713688486
0.21877616239495395	80830938.67369333	-89.9997660425955
0.223872113856833	78991001.87673855	-89.9997605905186
0.229086765276776	77192947.15454808	-89.9997550149234
0.23442288153199103	75435821.154708	-89.9997493111112
0.23988329190194801	73718692.22576347	-89.9997434700202
0.245470891568502	72040649.92321011	-89.9997374948797
0.251188643150957	70400804.52681623	-89.9997313806402
0.257039578276885	68798286.56885494	-89.9997251234716
0.263026799189537	67232246.37307715	-89.9997187206755
0.26915348039269	65701853.60425738	-89.9997121689702
0.275422870333815	64206296.827877514	-89.9997054645973
0.281838293126444	62744783.079953305	-89.9996986034204
0.288403150312659	61316537.446542814	-89.9996915825387
0.295120922666637	59920802.65290628	-89.999684400197
0.3019951720402	58556838.66198114	-89.9996770469687
0.30902954325135806	57223922.282005474	-89.999669525153
0.316227766016837	55921346.78307116	-89.999661828066
0.32359365692962705	54648421.52240717	-89.9996539505881
0.33113112148259005	53404471.57819126	-89.9996458890522
0.338844156139201	52188837.39170316	-89.9996376411379
0.34673685045253	51000874.41759451	-89.9996292007015
0.354813389233574	49839952.782183506	-89.9996205644499
0.36307805477009997	48705456.94944659	-89.9996117256315
0.37153522909717107	47596785.39467654	-89.9996026827617
0.3801893963205589	46513350.28553982	-89.9995934263819
0.389045144994279	45454577.170400925	-89.9995839558245
0.398107170553495	44419904.67373941	-89.9995742639511
0.407380277804111	43408784.19850703	-89.999564349797
0.4168693834703329	42420679.635238975	-89.9995542010805
0.426579518801591	41455067.07781687	-89.999543818199
0.436515832240164	40511434.54568114	-89.9995331917517
0.446683592150961	39589281.71237282	-89.9995223184527
0.457088189614873	38688119.64025381	-89.9995111918753
0.46773514128719607	37807470.5212693	-89.9994998066297
0.47863009232263604	36946867.423595265	-89.9994881555702
0.4897788193684439	36105854.04407771	-89.9994762336594
0.50118723362727	35283984.46629098	-89.9994640325526
0.512861383991362	34480822.92411005	-89.9994515487612
0.52480746024977	33695943.57064988	-89.9994387731468
0.53703179637025	32928930.252488483	-89.9994257006344
0.549540873857622	32179376.289015513	-89.9994123234535
0.5623413251903461	31446884.25679058	-89.9993986354331
0.5754399373371539	30731065.778849773	-89.9993846265693
0.588843655355586	30031541.31876102	-89.9993702932522
0.6025595860743549	29347939.979392707	-89.9993556259797
0.616595001861479	28679899.30626607	-89.9993406165209
0.6309573444801899	28027065.095373742	-89.9993252571845
0.645654229034652	27389091.205378994	-89.9993095408626
0.660693448007592	26765639.37408058	-89.9992934577429
0.676082975391978	26156379.039059117	-89.9992770002681
0.691830970918933	25560987.16242634	-89.9992601598207
0.7079457843841339	24979148.059528355	-89.9992429263314
0.7244359600749859	24410553.231568087	-89.9992252915913
0.7413102413009129	23854901.202044424	-89.9992072456071
0.758577575029179	23311897.356893558	-89.9991887809756
0.7762471166286871	22781253.788291838	-89.9991698847901
0.7943282347242769	22262689.14199524	-89.999150549893
0.812830516164095	21755928.468161598	-89.9991307635541
0.831763771102666	21260703.0755764	-89.9991105161476
0.851138038202372	20776750.389178768	-89.9990897968158
0.870963589956076	20303813.810851082	-89.9990685952579
0.89125093813374	19841642.58335908	-89.9990469008223
0.912010839355904	19389991.65740048	-89.9990247002794
0.9332543007969859	18948621.561675873	-89.9990019820266
0.95499258602143	18517298.275916014	-89.9989787360645
0.977237220955805	18095793.106809743	-89.998954946774
0.999999999999994	17683882.566732787	-89.9989306046901
1.0232929922807499	17281348.255266655	-89.9989056948165
1.04712854805089	16887976.743392967	-89.9988802057979
1.0715193052376	16503559.460325312	-89.9988541223056
1.09647819614318	16127892.582935615	-89.9988274312649
1.12201845430196	15760776.927670768	-89.9988001190447
1.14815362149688	15402017.844951123	-89.9987721701691
1.17489755493952	15051425.115963805	-89.9987435703292
1.2022644346174098	14708812.851801459	-89.998714304254
1.23026877081237	14373999.39490655	-89.9986843563696
1.25892541179416	14046807.222753972	-89.9986537110348
1.2882495516931298	13727062.853721412	-89.9986223520719
1.3182567385564	13414596.755113577	-89.9985902630358
1.34896288259165	13109243.253268883	-89.9985574261556
1.3803842646028799	12810840.445718668	-89.9985238236596
1.41253754462275	12519230.115344401	-89.9984894389363
1.44543977074592	12234257.646487413	-89.9984542532909
1.4791083881682	11955771.94297544	-89.9984182481935
1.5135612484362	11683625.348000677	-89.9983814046327
1.5488166189124701	11417673.565836068	-89.9983437028483
1.5848931924611003	11157775.585327659	-89.9983051226685
1.62181009735892	10903793.605124488	-89.9982656435447
1.6595869074375502	10655592.960619971	-89.9982252453888
1.69824365246173	10413042.052546887	-89.998183906204
1.73780082874936	10176012.277201898	-89.9981416040909
1.7782794100389099	9944377.95826285	-89.9980983165341
1.8197008586099699	9718016.280145295	-89.9980540205201
1.8620871366628602	9496807.222893449	-89.9980086928902
1.90546071796323	9280633.49853681	-89.9979623095078
1.9498445997580303	9069380.48890408	-89.997914845227
1.99526231496887	8862936.18485419	-89.9978662756469
2.04173794466952	8661191.126884352	-89.9978165749871
2.08929613085403	8464038.347095197	-89.9977657165726
2.1379620895022198	8271373.312471106	-89.9977136734817
2.18776162394954	8083093.869463155	-89.9976604181202
2.23872113856832	7899100.189816458	-89.9976059224571
2.29086765276776	7719294.717647276	-89.9975501570964
2.3442288153199	7543582.117714102	-89.9974930927412
2.3988329190194704	7371869.22487127	-89.9974346992841
2.4547089156850097	7204064.994669861	-89.9973749461099
2.51188643150956	7040080.455085624	-89.9973138004524
2.57039578276884	6879828.6593448855	-89.9972512307817
2.6302679918953595	6723224.639824902	-89.997187203913
2.6915348039269	6570185.363001357	-89.9971216852921
2.75422870333815	6420629.685423735	-89.9970546408656
2.81838293126443	6274478.310691957	-89.9969860346687
2.88403150312658	6131653.747413783	-89.9969158305647
2.95120922666636	5992080.268114222	-89.9968439909489
3.0199517204019903	5855683.869087562	-89.9967704778315
3.0902954325135696	5722392.231157297	-89.996695252664
3.16227766016835	5592134.681333057	-89.9966182752371
3.23593656929626	5464842.1553374585	-89.9965395049263
3.31131121482589	5340447.160988016	-89.9964588995413
3.388441561392	5218883.742412484	-89.9963764168209
3.46736850452529	5100087.445077544	-89.9962920125863
3.54813389233573	4983995.281613552	-89.9962056426361
3.63078054770098	4870545.6984190205	-89.9961172605449
3.7153522909717	4759678.543022928	-89.9960268199237
3.80189396320558	4651335.032192209	-89.9959342725963
3.8904514499427796	4545457.72076295	-89.9958395696453
3.98107170553494	4441990.471183878	-89.9957426608056
4.07380277804109	4340878.423748848	-89.9956434947262
4.16869383470332	4242067.96751304	-89.9955420184916
4.26579518801589	4145506.711863777	-89.9954381788903
4.36515832240162	4051143.45874523	-89.9953319204265
4.466835921509589	3958928.17551167	-89.9952231867793
4.57088189614871	3868811.968399777	-89.9951119205683
4.67735141287194	3780747.0566028547	-89.9949980626207
4.78630092322634	3694686.746939447	-89.9948815524762
4.89778819368442	3610585.409094607	-89.9947623285955
5.011872336272679	3528398.45142536	-89.9946403274395
5.12861383991361	3448082.297318801	-89.9945154846829
5.248074602497679	3369594.3620868656	-89.9943877339624
5.3703179637024805	3292893.030388041	-89.9942570073887
5.4954087385762	3217937.634160132	-89.9941232359549
5.6234132519034405	3144688.431060499	-89.9939863486054
5.75439937337152	3073106.5833915947	-89.9938462726956
5.88843655355584	3003154.1375108073	-89.9937029339154
6.02559586074353	2934794.0037052035	-89.9935562564168
6.165950018614769	2867989.9365267623	-89.9934061622592
6.30957344480188	2802706.5155752413	-89.993252572093
6.4565422903464995	2738909.126716452	-89.9930954043062
6.606934480075901	2676563.943730085	-89.9929345755992
6.76082975391976	2615637.910375529	-89.9927700006938
6.91830970918931	2556098.722863093	-89.9926015924514
7.07945784384132	2497914.812727424	-89.9924292613481
7.244359600749839	2441055.330089147	-89.9922529161705
7.413102413009111	2385490.127298387	-89.9920724634907
7.585775750291769	2331189.7429484464	-89.9918878074444
7.76247116628685	2278125.3862574515	-89.9916988501099
7.94328234724275	2226268.921800617	-89.9915054915128
8.12830516164092	2175592.8545943922	-89.9913076290443
8.31763771102664	2126070.3155169184	-89.991105157656
8.511380382023692	2077675.0470626787	-89.9908979702011
8.70963589956073	2030381.3894196844	-89.9906859566876
8.912509381337381	1984164.2668645475	-89.9904690047369
9.12010839355902	1938999.1744672195	-89.9902469993786
9.33254300796983	1894862.1650979426	-89.9900198227588
9.54992586021427	1851729.8367301289	-89.9897873545593
9.77237220955802	1809579.320032318	-89.9895494714952
9.999999999999911	1768388.2662425695	-89.9893060474407
10.2329299228075	1728134.8353188252	-89.9890569532755
10.4712854805089	1688797.684359446	-89.9888020569606
10.715193052376	1650355.9562861125	-89.9885412233603
10.964781961431802	1612789.268785918	-89.9882743141745
11.2201845430195	1576077.7035039947	-89.9880011878893
11.4815362149687	1540201.795481998	-89.9877216995966
11.7489755493952	1505142.5228391713	-89.9874357012288
12.022644346174	1470881.2966848654	-89.9871430411628
12.302687708123699	1437399.9512633819	-89.986843564152
12.589254117941598	1404680.7343222296	-89.986537111297
12.8824955169312	1372706.297699786	-89.9862235203961
13.1825673855639	1341459.6881261186	-89.9859026249512
13.4896288259164	1310924.338235417	-89.985574254879
13.8038426460287	1281084.0577810942	-89.9852382361226
14.1253754462274	1251923.0250512278	-89.9848943904885
14.4543977074591	1223425.7784805584	-89.9845425356188
14.7910838816819	1195577.2084513982	-89.9841824850247
15.135612484361902	1168362.5492835906	-89.9838140477999
15.488166189124698	1141767.3714045573	-89.98343702855
15.848931924611001	1115777.5736989782	-89.9830512273743
16.2181009735891	1090379.3760319096	-89.9826564397337
16.5958690743754	1065559.311942909	-89.9822524563083
16.9824365246173	1041304.2215055232	-89.9818390629041
17.3780082874936	1017601.2443496162	-89.9814160403329
17.7827941003891	994437.812842995	-89.9809831642994
18.1970085860997	971801.6454276342	-89.9805402053028
18.6208713666285	949680.7401080553	-89.9800869284383
19.054607179632303	928063.3680874819	-89.9796230934219
19.4984459975803	906938.0675489681	-89.9791484542921
19.952623149688602	886293.637578525	-89.9786627594193
20.4173794466951	866119.132226322	-89.9781657512439
20.892961308540198	846403.8547023863	-89.9776571662358
21.3796208950221	827137.3517057347	-89.9771367347813
21.8776162394953	808309.4078814796	-89.9766041809362
22.387211385683198	789910.0404044294	-89.9760592222897
22.908676527677496	771929.4936865239	-89.9755015699511
23.442288153199	754358.234203909	-89.9749309281797
23.988329190194698	737186.9454420597	-89.9743469944911
24.5470891568501	720406.5229566348	-89.9737494592446
25.1188643150956	704008.0695453209	-89.9731380055892
25.7039578276884	687982.890531179	-89.972512309363
26.3026799189536	672322.4891520988	-89.9718720387955
26.9153480392689	657018.5620559535	-89.9712168543812
27.5422870333814	642062.9948981891	-89.9705464088106
28.1838293126442	627447.8580389604	-89.9698603465412
28.840315031265803	613165.4023393242	-89.9691583038203
29.512092266663604	599208.0550521697	-89.9684399084018
30.199517204019898	585568.415807322	-89.9677047794373
30.902954325135603	572239.2526874221	-89.9669525271131
31.6227766016835	559213.4983937959	-89.9661827525716
32.3593656929625	546484.2464990834	-89.9653950476907
33.1131121482588	534044.7477854681	-89.9645889947827
33.8844156139199	521888.40666597494	-89.9637641665097
34.6736850452528	510008.7776877511	-89.9629201255133
35.48133892335721	498399.56211423664	-89.9620564242747
36.30780547700979	487054.60458560835	-89.9611726048562
37.1535229097169	475967.88985528797	-89.9602681986393
38.018939632055705	465133.5396003431	-89.9593427260853
38.9045144994276	454545.8093048853	-89.9583956965073
39.8107170553493	444199.0852141336	-89.9574266077671
40.738027780410796	434087.881358029	-89.9564349460755
41.6869383470331	424206.8366424404	-89.9554201855885
42.6579518801588	414550.7120066796	-89.9543817883021
43.6515832240161	405114.3876456757	-89.9533192036301
44.6683592150958	395892.8602952833	-89.9522318681947
45.708818961487	386881.240579714	-89.9511192054572
46.7735141287193	378074.75041887787	-89.9499806254659
47.863009232263295	369468.7204951186	-89.9488155245478
48.9778819368441	361058.58777746174	-89.9476232849337
50.118723362726705	352839.8931022317	-89.9464032745044
51.28613839913589	344808.2788086904	-89.9451548463502
52.4807460249767	336959.48642865865	-89.943877338593
53.70317963702471	329289.35442853346	-89.9425700738548
54.954087385761795	321793.81600277295	-89.941232358998
56.2341325190343	314468.89691769436	-89.9398634847583
57.543993733715	307310.713404266	-89.938462725338
58.8843655355582	300315.4700988014	-89.9370293380408
60.255958607435105	293479.4580307708	-89.9355625628687
61.6595001861475	286799.052656002	-89.9340616221033
63.0957344480186	280270.7119351979	-89.9325257199324
64.56542290346479	273890.9744557122	-89.9309540420028
66.0693448007589	267656.45759622555	-89.9293457549883
67.6082975391974	261563.8557334126	-89.9277000061574
69.1830970918929	255609.93848914452	-89.9260159228964
70.794578438413	249791.54901763165	-89.9242926123085
72.4435960074982	244105.6023317857	-89.9225291606551
74.1310241300909	238549.08366744415	-89.9207246329231
75.8577575029175	233119.04688480246	-89.9188780723299
77.6247116628683	227812.61290654453	-89.9169884998217
79.4328234724272	222626.96819107965	-89.9150549135021
81.283051616409	217559.36324099163	-89.9130762881779
83.17637711026609	212607.11114502142	-89.911051574739
85.1138038202366	207767.58615354396	-89.9089796996474
87.09635899560699	203038.22228641354	-89.9068595643893
89.12509381337351	198416.51197224078	-89.9046900448258
91.2010839355899	193900.00471908684	-89.9024699906501
93.32543007969801	189486.3058150014	-89.9001982247646
95.4992586021425	185173.07505840698	-89.8978735426375
97.72372209557992	180958.02551725775	-89.8954947117029
99.99999999999879	176838.92231649754	-89.8930604706667
102.32929922807399	172813.58145310223	-89.8905695288584
104.712854805089	168879.86863805077	-89.8880205655503
107.151930523759	165035.69816472233	-89.8854122292458
109.647819614317	161279.03180307875	-89.8827431369729
112.20184543019501	157607.87771889122	-89.8800118735354
114.815362149687	154020.28941764095	-89.8772169907813
117.489755493952	150514.36471255095	-89.8743570068309
120.22644346174	147088.24471592403	-89.8714304052806
123.02687708123699	143740.11285358595	-89.8684356343975
125.89254117941499	140468.1939017058	-89.8653711063118
128.824955169312	137270.75304555654	-89.8622351961836
131.825673855639	134146.09495965432	-89.8590262412968
134.896288259164	131092.56290894348	-89.8557425402209
138.03842646028698	128108.53787030028	-89.8523823518901
141.253754462274	125192.43767415664	-89.8489438946911
144.543977074591	122342.71616558451	-89.845425345505
147.910838816819	119557.86238451987	-89.8418248387364
151.356124843619	116836.39976463185	-89.8381404653625
154.88166189124598	114176.88535041225	-89.8343702718634
158.489319246109	111577.9090321254	-89.8305122592313
162.181009735891	109038.09279810611	-89.8265643818952
165.958690743754	106556.09000418018	-89.8225245466308
169.82436524617202	104130.5846596207	-89.8183906114627
173.780082874935	101760.29072937404	-89.8141603845204
177.82794100389	99443.95145223443	-89.8098316228707
181.97008586099602	97180.3386744527	-89.8054020313418
186.20871366628398	94968.25219857156	-89.8008692613009
190.546071796322	92806.51914706327	-89.7962309094079
194.984459975802	90693.99334044883	-89.7914845163389
199.526231496885	88629.5546895838	-89.786627565489
204.17379446695	86612.10860176854	-89.7816574816223
208.929613085401	84640.58540038578	-89.7765716295327
213.79620895022097	82713.93975773576	-89.7713673126229
218.776162394953	80831.15014079801	-89.7660417714837
223.87211385683102	78991.21826959557	-89.7605921824359
229.08676527677397	77193.1685878973	-89.7550156560197
234.422881531989	75436.04774596235	-89.7493092354745
239.883291901946	73718.92409506107	-89.7434698951744
245.47089156849998	72040.88719350711	-89.737494538999
251.18864315095502	70401.04732392247	-89.7313799987234
257.039578276883	68798.53502150373	-89.7251230323253
263.026799189535	67232.50061301768	-89.7187203222577
269.153480392688	65702.11376629036	-89.712168473702
275.422870333813	64206.563049961405	-89.7054640127602
281.838293126442	62745.05550324446	-89.6986033846133
288.40315031265703	61316.8162154939	-89.6915829516493
295.120922666635	59921.08791533503	-89.6843989915131
301.995172040198	58557.130569149085	-89.6770476951459
309.029543251355	57224.220988697954	-89.6695251647668
316.227766016834	55921.65244767948	-89.6618274118008
323.593656929624	54648.734307013074	-89.6539503547621
331.131121482587	53404.79164865198	-89.6458898170996
338.844156139198	52189.16491773379	-89.6376415249702
346.736850452527	51001.209572877415	-89.6292011049808
354.813389233571	49840.29574443491	-89.6205640818632
363.07805477009697	48705.80790052901	-89.6117258761104
371.535229097168	47597.14452069032	-89.6026818015389
380.18939632055606	46513.71777692059	-89.5934270628067
389.045144994275	45454.953222021715	-89.5839567528743
398.107170553492	44420.28948501305	-89.5742658503953
407.380277804107	43409.17797348877	-89.5643492170607
416.86938347033	42421.08258274269	-89.5542015948722
426.57951880158697	41455.47941152198	-89.5438176033472
436.51583224015997	40511.85648424608	-89.5331917366804
446.68359215095705	39589.71347955179	-89.5223183608082
457.088189614869	38688.56146501383	-89.511191710432
467.735141287192	37807.92263790847	-89.4998058859577
478.630092322632	36947.33007187613	-89.4881548503623
489.77881936843903	36106.32746935061	-89.4762324260004
501.187233627265	35284.46891962225	-89.4640322913253
512.861383991358	34481.3186624138	-89.4515479775317
524.807460249765	33696.450856831856	-89.4387728651345
537.0317963702449	32929.44935558052	-89.4257001804515
549.540873857617	32179.907484316074	-89.4123229920101
562.3413251903411	31447.427826021303	-89.3986342068796
575.439937337149	30731.622010291372	-89.3846265668998
588.843655355581	30032.110507413312	-89.3702926448409
602.559586074349	29348.522427134572	-89.3556248404551
616.595001861474	28680.495322013034	-89.3406153764554
630.957344480184	28027.674995242105	-89.3252562943812
645.654229034647	27389.71531285014	-89.3095394503881
660.693448007587	26766.278020176866	-89.2934565109178
676.082975391972	26157.032562525535	-89.2769989482896
691.830970918927	25561.65590989932	-89.2601580361647
707.9457843841279	24979.8323857253	-89.2429248449288
724.43596007498	24411.25349947977	-89.2252902369514
741.310241300907	23855.617783121972	-89.2072448617371
758.577575029173	23312.630631252174	-89.188779150973
776.247116628681	22782.004144906918	-89.1698833134445
794.32823472427	22263.456978913022	-89.150547329847
812.830516164088	21756.714192713636	-89.1307609474705
831.763771102659	21261.50710459096	-89.1105136747616
851.1380382023641	20777.573149208227	-89.0897947757575
870.963589956068	20304.65573839448	-89.0685932643886
891.250938133733	19842.504125096915	-89.0468978986549
912.010839355897	19390.873270433374	-89.0246971746585
933.254300796978	18949.523713767834	-89.0019793205024
954.992586021422	18518.221445746432	-88.9787322900458
977.2372209557969	18096.73778422224	-88.9549437565098
999.999999999986	17684.8492530057	-88.9306011059413
1023.29299228074	17282.337463373507	-88.9056914305181
1047.1285480508802	16888.988998277287	-88.8802015217018
1071.51930523759	16504.595299186854	-88.8541178632245
1096.47819614317	16128.952555509557	-88.8274266239275
1122.01845430195	15761.861596527748	-88.8001136504073
1148.15362149687	15403.12778579619	-88.7721644595154
1174.89755493951	15052.5609179426	-88.7435642306718
1202.2644346174	14709.975117819138	-88.7142977979916
1230.26877081236	14375.188741949345	-88.6843496422466
1258.92541179415	14048.024282217875	-88.6537038826211
1288.2495516931099	13728.308271753805	-88.6223442682836
1318.25673855639	13415.871192957373	-88.5902541697637
1348.9628825916302	13110.547387618217	-88.5574165701232
1380.3842646028602	12812.174969082927	-88.5238140559211
1412.5375446227301	12520.595736419978	-88.4894288079697
1445.43977074591	12235.655090540704	-88.4542425918766
1479.10838816819	11957.201952228137	-88.4182367483589
1513.5612484361902	11685.08868203422	-88.3813921833363
1548.81661891246	11419.171001999372	-88.3436893577953
1584.8931924610902	11159.307919154682	-88.3051082774076
1621.8100973589098	10905.361650766632	-88.2656284819156
1659.58690743754	10657.197551282916	-88.2252290342609
1698.2436524617199	10414.68404094223	-88.183888509467
1737.8008287493499	10177.692536010169	-88.1415849832546
1778.2794100389	9946.097380602001	-88.0982960203956
1819.70085860996	9719.77578005971	-88.0539986627909
1862.08713666284	9498.607735845479	-88.0086694172745
1905.4607179632198	9282.475981917354	-87.962284243125
1949.84459975802	9071.265922553874	-87.9148185392896
1995.2623149688502	8864.865571595488	-87.8662471313102
2041.7379446695002	8663.16549306865	-87.8165442579366
2089.29613085401	8466.058743162503	-87.7656835574338
2137.9620895022	8273.44081352693	-87.7136380535631
2187.76162394952	8085.209575862204	-87.6603801412374
2238.7211385683	7901.265227770424	-87.6058815718378
2290.86765276774	7721.510239840606	-87.5501134381897
2344.2288153198897	7545.84930393841	-87.4930461591816
2398.83291901945	7374.189282674569	-87.4346494640269
2454.7089156849897	7206.439160023518	-87.3748923761542
2511.8864315095398	7042.509993067519	-87.3137431967202
2570.39578276882	6882.3148648402685	-87.2511694877347
2630.26799189534	6725.7688382439255	-87.1871380547904
2691.5348039268697	6572.788911016989	-87.1216149293856
2754.2287033381203	6423.29397172776	-87.0545653508311
2818.38293126441	6277.204756770531	-86.9859537477326
2884.03150312656	6134.443808341991	-86.915743719038
2951.20922666634	5994.935433374882	-86.8438980146359
3019.9517204019703	5858.605663407645	-86.7703785155002
3090.29543251354	5725.382215369171	-86.6951462133655
3162.27766016833	5595.194453256823	-86.618161189924
3235.9365692962297	5467.9733506882785	-86.5393825955323
3311.31121482586	5343.651454306935	-86.4587686274157
3388.44156139197	5222.162848022184	-86.3762765073578
3467.36850452526	5103.4431180642305	-86.2918624588657
3548.1338923357002	4987.4293188364945	-86.2054816837927
3630.7805477009497	4874.059939546724	-86.1170883384124
3715.3522909716603	4763.274871598863	-86.0266355089248
3801.89396320555	4655.015376729245	-85.9340751863843
3890.45144994274	4549.224055869569	-85.8393582410366
3981.07170553491	4445.844818720618	-85.742434396044
4073.8027780410603	4344.822854020235	-85.6432522005944
4168.693834703279	4246.104600489957	-85.5417590023696
4265.79518801586	4149.6377184453195	-85.437900919363
4365.15832240159	4055.371062054267	-85.3316228110316
4466.83592150956	3963.2546522293287	-85.2228682487598
4570.88189614867	3873.2396501390394	-85.1115794856283
4677.3514128719	3785.278331324794	-84.9976974254633
4786.3009232263	3699.324060409507	-84.8811615911527
4897.78819368438	3615.3312663845195	-84.7619100922114
5011.87233627264	3533.255418461622	-84.6398795915767
5128.61383991356	3453.0530024780783	-84.5150052716177
5248.07460249764	3374.681497841337	-84.3872207993372
5370.31796370244	3298.099355002033	-84.256458290751
5495.4087385761495	3223.2659734428744	-84.1226482744208
5623.413251903399	3150.141680172329	-83.9857196541253
5754.39937337147	3078.6877087112107	-83.8455996706472
5888.43655355579	3008.8661785618738	-83.7022138626561
6025.59586074347	2940.640075148286	-83.5554860266678
6165.950018614721	2873.973230217527	-83.405338176058
6309.57344480182	2808.8303026915632	-83.2516904991104
6456.5422903464405	2745.176759959595	-83.0944613160769
6606.93448007585	2682.978859601605	-82.9335670352308
6760.8297539197	2622.2036315326154	-82.7689221078884
6918.3097091892505	2562.8188605593655	-82.60043898238
7079.45784384126	2504.793069339718	-82.4280280569483
7244.359600749771	2448.0955017360557	-82.2515976315526
7413.10241300905	2392.6961065540836	-82.0710538585576
7585.7757502917	2338.565521658657	-81.8863006922869
7762.471166286779	2285.675058458464	-81.6972398374201
7943.28234724268	2233.996686751198	-81.5037706962135
8128.305161640849	2183.503019922119	-81.3057903145277
8317.637711026558	2134.1673004877443	-81.1031933266405
8511.38038202362	2085.9633859776227	-80.8958718988316
8709.63589956065	2038.865735147123	-80.6837156717216
8912.5093813373	1992.8493945137325	-80.466611701352
9120.108393558941	1947.8899852107845	-80.2444443989957
9332.543007969749	1903.9636901513873	-80.0170954696859
9549.92586021419	1861.0472414963633	-79.7844438494589
9772.372209557941	1819.1179084201767	-79.5463656413062
9999.999999999829	1778.153485168267	-79.3027340498367
10232.9299228074	1738.132279400549	-79.0534193146516
10471.2854805088	1699.0331008148032	-78.7982886424432
10715.1930523759	1660.835250044829	-78.5372061378313
10964.781961431701	1623.518507827855	-78.2700327329581
11220.184543019399	1587.0631244360295	-77.9966261158704
11481.5362149686	1551.4498093671345	-77.7168406577261
11748.9755493951	1516.6597212893753	-77.4305273388701
12022.644346173898	1482.6744582361055	-77.1375336738375
12302.687708123602	1449.4760480454047	-76.8377036353518
12589.254117941498	1417.0469390407234	-76.5308775774018
12882.495516931102	1385.3699909480188	-76.216892157494
13182.5673855638	1354.428466045779	-75.8955802581967
13489.6288259163	1324.2060205437147	-75.5667709081093
13803.842646028601	1294.6866961868423	-75.2302892024159
14125.3754462273	1265.8549120811792	-74.8859562232008
14454.397707458998	1237.6954567378211	-74.5335889597391
14791.0838816818	1210.193480332302	-74.1730002289986
15135.6124843618	1183.3344871760562	-73.8039985966295
15488.1661891245	1157.10432839721	-73.4263882987529
15848.9319246109	1131.4891948279896	-73.0399691649066
16218.100973588998	1106.4756100961388	-72.6445365425481
16595.8690743753	1082.0504239179702	-72.2398812235746
16982.4365246171	1058.2008055906615	-71.8257893733741
17378.0082874934	1034.914237681797	-71.4020424629895
17782.7941003889	1012.1785099139973	-70.9684172050489
18197.0085860995	989.9817132428748	-70.5246854941975
18620.8713666283	968.3122341263031	-70.0706143528513
19054.6071796321	947.158748983603	-69.6059658831949
19498.4459975801	926.5102188427825	-69.1304972264496
19952.6231496884	906.3558841745219	-68.6439605305574
20417.3794466949	886.6852599112691	-68.1461029275563
20892.96130854	867.4881306501622	-67.6366665220617
21379.6208950219	848.754546038356	-67.1153883924245
21877.6162394951	830.4748163393361	-66.5820006063055
22387.211385682996	812.6395081787973	-66.0362302525844
22908.6765276773	795.2394404687018	-65.4777994917225
23442.2881531988	778.265680507863	-64.9064256269104
23988.3291901945	761.7095402573852	-64.3218211985588
24547.089156849903	745.5625727892167	-63.7236941049387
25118.8643150954	729.8165689055442	-63.1117477520371
25703.9578276882	714.4635539268551	-62.4856812359701
26302.6799189533	699.4957846459299	-61.8451895615931
26915.3480392687	684.9057464447174	-61.1899639012469
27542.287033381202	670.6861505704792	-60.5196918979058
28183.829312644	656.8299315673233	-59.8340580173166
28840.315031265498	643.3302448581912	-59.1327439540585
29512.0922666633	630.1804644721179	-58.4154290967901
30199.5172040196	617.3741809103516	-57.6817910582888
30902.9543251353	604.9051991443234	-56.9315062762158
31622.7766016832	592.7675367372284	-56.1642506908535
32359.3656929622	580.9554220800046	-55.3797005063456
33113.1121482585	569.4632927310053	-54.5775330422247
33884.4156139196	558.2857938476532	-53.7574276822078
34673.6850452525	547.4177766964766	-52.9190669273784
35481.338923356896	536.8542972266005	-52.0621375609225
36307.805477009504	526.5906146899847	-51.1863319315381
37153.5229097166	516.6221902897909	-50.2913493624616
38018.9396320554	506.9446858365066	-49.3768976927292
38904.5144994273	497.5539623894041	-48.4426949567908
39810.717055349	488.44607885892094	-47.4884712078889
40738.0277804105	479.61729054359785	-46.5139704896726
41686.938347032796	471.0640475731302	-45.5189529593083
42657.9518801585	462.7829932273658	-44.5031971638451
43651.5832240158	454.770962099156	-43.4665024697565
44668.3592150955	447.0249780675956	-42.4086916433934
45708.8189614866	439.5422520468278	-41.3296135775138
46773.514128718896	432.3201794748077	-40.2291461560907
47863.0092322629	425.35633750593047	-39.107199246233
48977.8819368437	418.6484818717323	-37.9637178022842
50118.7233627263	412.19454337451845	-36.7986850630122
51286.138399135496	405.9926239806626	-35.6121258183013
52480.746024976295	400.04099248261105	-34.4041097169614
53703.179637024296	394.3380797023018	-33.1747545822579
54954.0873857614	388.8824732132893	-31.9242296966396
56234.132519033796	383.672911564518	-30.6527590120291
57543.9937337146	378.70827799583435	-29.3606242371061
58884.3655355578	373.9875936433227	-28.0481677484265
60255.9586074346	369.5100102420099	-26.7157952682052
61659.500186147	365.27480234389395	-25.3639782483502
63095.7344480181	361.28135908074165	-23.9932558981321
64565.4229034643	357.52917551325777	-22.604236791924
66069.3448007583	354.0178436211018	-21.1975999939995
67608.29753919691	350.74704300113206	-19.7740956396273
69183.0970918923	347.7165313542146	-18.3345449158331
70794.5784384124	344.9261348531369	-16.879839391316
72443.5960074976	342.3757384956577	-15.4109396531759
74131.0241300903	340.065276556293	-13.9288732182813
75857.75750291691	337.99472325862126	-12.4347316991692
77624.71166286769	336.16408379509903	-10.9296672180989
79432.82347242661	334.5733858242697	-9.41488807794113
81283.0516164083	333.2226715746897	-7.89165371458144
83176.3771102655	332.1119906811453	-6.36126897192202
85113.80382023599	331.2413938715808	-4.82507775684387
87096.3589956063	330.610927612399	-3.28445614702497
89125.09381337279	330.22062980599907	-1.74080503870093
91201.0839355892	330.07052661765437	-0.195542433724051
93325.43007969731	330.16063048947353	1.34990452489947
95499.2586021417	330.4909393782541	2.89410765285579
97723.7220955791	331.0614372315101	4.43564583983589
99999.999999998	331.87209569335334	5.97311305996374
102329.29922807301	332.92287700928375	7.50512615992168
104712.854805088	334.2137380774515	9.03033231352092
107151.93052375801	335.7446355742668	10.5474160405934
109647.819614316	337.5155320646622	12.0551056997673
112201.84543019401	339.52640299271997	13.5521793784432
114815.362149686	341.7772444368996	15.0374701185321
117489.755493951	344.2680815059413	16.5098704326637
120226.443461739	346.9989772469294	17.9683360819996
123026.877081236	349.97004193565556	19.4118891029398
125892.54117941401	353.1814426214591	20.8396200853538
128824.955169311	356.63341280337795	22.2506897190727
131825.67385563802	360.3262621219156	23.6443296378939
134896.288259163	364.26038595997636	25.0198426010241
138038.426460286	368.4362748576093	26.3766020605726
141253.754462273	372.85452365728	27.714051170351
144543.97707459	377.51584030913546	29.0317012958649
147910.838816818	382.42105427883075	30.3291300881038
151356.12484361802	387.5711245132413	31.6059791847014
154881.661891245	392.96714693197606	32.8619516014569
158489.319246108	398.61036142409074	34.0968088752997
162181.00973589	404.5021583403066	35.3103680167842
165958.69074375302	410.6440844806255	36.5024983263617
169824.365246171	417.0378485858012	37.6731181242166
173780.082874934	423.6853263482951	38.8221914385892
177827.941003889	430.58856496465984	39.9497246924227
181970.085860995	437.74978725590984	41.0557634230403
186208.713666283	445.17139538662946	42.140389064502
190546.07179632102	452.85597421602927	43.203715817433
194984.4599758	460.8062943162839	44.2458876265307
199526.231496884	469.0253146945024	45.2670752817149
204173.79446694898	477.51618525498986	46.2674736550111
208929.6130854	486.2822490383883	47.2472990817894
213796.20895021898	495.327044273384	48.206786891913
218776.162394951	504.6543062757582	49.1461890936814
223872.11385682898	514.2679692280267	50.0657722111698
229086.765276772	524.1721678712988	50.9658152736442
234422.881531987	534.3712391392743	51.8466079541433
239883.29190194397	544.8697237622584	52.7084488530377
245470.89156849802	555.6723678673605	53.5516439213704
251188.643150953	566.7841245988686	54.3765050180175
257039.57827688102	578.2101557811789	55.1833485941599
263026.799189533	589.9558336445994	55.9724944981858
269153.48039268603	602.0267426326957	56.7442648939359
275422.87033381104	614.4286813083255	57.49898328512
281838.293126439	627.1676643737643	58.2369736387643
288403.150312654	640.2499248191606	58.9585596006592
295120.922666632	653.681916212063	59.664063795967
301995.172040195	667.470315139888	60.353807208383
309029.543251352	681.6220238158473	61.0281086315245
316227.76601683104	696.1441728582942	61.6872841865246
323593.656929621	711.0441242524622	62.3316469001389
331131.121482584	726.329474502939	62.9615063380021
338844.156139195	742.0080579848453	63.5771682880144
346736.85045252397	758.0879505010148	64.1789344891734
354813.389233568	774.5774730522347	64.7671024014984
363078.05477009295	791.4851958275157	65.3419650130157
371535.229097164	808.819942420926	65.9038106800832
380189.396320553	826.5907942817106	66.452922997628
389045.14499427204	844.8070954043012	66.9895806961514
398107.17055348796	863.4784572648559	67.5140575626222
407380.277804104	882.6147640114223	68.0266223826239
416869.383470326	902.2261779146602	68.5275389013587
426579.518801583	922.3231450865484	69.0170658013231
436515.832240156	942.9164014749973	69.4954566946738
446683.59215095296	964.0169791424346	69.9629601284829
457088.189614865	985.6362128371094	70.4198196012595
467735.141287188	1007.7857468662219	70.8662735892618
478630.09232262796	1030.4775422809453	71.3025555812773
489778.819368435	1053.7238843834468	71.7288941206701
501187.233627261	1077.5373905674817	72.1455128536226
512861.383991353	1101.931018504213	72.5526305825986
524807.460249761	1126.9180746862162	72.9504613241623
537031.796370241	1152.5122233434026	73.3392143703698
549540.873857612	1178.727495745273	73.7190943530325
562341.325190336	1205.5782999055225	74.0903013102248
575439.9373371439	1233.0794307055987	74.4530307544762
588843.655355575	1261.2460804550976	74.8074737421376
602559.586074344	1290.0938499085885	75.1538169434759
616595.001861468	1319.6387597588187	75.4922427130879
630957.344480179	1349.8972626290895	75.8229291602696
645654.2290346411	1380.8862555875592	76.1460502190167
660693.448007581	1412.623093209097	76.4617757173568
676082.975391966	1445.125601211329	76.7702714457505
691830.97091892	1478.4120906937214	77.0716992243187
707945.784384122	1512.5013730103115	77.3662169686747
724435.960074973	1547.4127753086832	77.6539787541622
741310.2413009	1583.1661567707506	77.9351348783098
758577.575029166	1619.781925591611	78.2098319213319
776247.1166286741	1657.2810567380384	78.4782128045141
794328.234724263	1695.6851105273845	78.7404168463272
812830.51616408	1735.016252074041	78.9965798161272
831763.7711026521	1775.2972716508032	79.2468339852957
851138.038202357	1816.551606017969	79.4913081756852
870963.58995606	1858.8033607747977	79.7301278052293
891250.938133725	1902.0773337933103	79.9634149305836
912010.839355888	1946.3990397964385	80.1912882866548
933254.3007969691	1991.7947361496304	80.4138633228796
954992.586021413	2038.291449935956	80.6312522361038
977237.220955787	2085.9170063932984	80.8435639999146
999999.9999999759	2134.7000587947064	81.0509043902589
1023292.99228073	2184.670119859833	81.2533760071909
1047128.54805087	2235.857594791511	81.4510782925637
1071519.30523758	2288.293816036578	81.6441075434822
1096478.19614316	2342.011079878491	81.8325569213157
1122018.45430194	2397.042684975242	82.0165164560576
1148153.62149686	2453.4229729644208	82.1960730458047
1174897.5549395	2511.187371265924	82.3713104511114
1202264.43461738	2570.372438219617	82.5423092839574
1230268.77081235	2631.01591070821	82.7091469910464
1258925.41179414	2693.156754422095	82.8718978311378
1288249.5516931	2756.8352169354816	83.0306328460814
1318256.73855638	2822.0928837750894	83.1854198252124
1348962.88259162	2888.972737672031	83.3363232627263
1380384.26460285	2957.5192212048773	83.4834043076374
1412537.54462272	3027.7783030520277	83.626720705882
1445439.77074589	3099.7975480873433	83.7663267341048
1479108.38816817	3173.626191569693	83.902273124627
1513561.24843617	3249.315217692299	84.0346069810604
1548816.61891244	3326.9174427777853	84.1633716839887
1584893.19246107	3406.4876034195254	84.2886067860981
1621810.09735889	3488.082449895749	84.4103478960898
1659586.90743752	3571.7608451967426	84.5286265506608
1698243.6524617	3657.5838700378617	84.6434700737892
1737800.82874933	3745.61493424286	84.7549014224946
1778279.41003888	3835.9198949185916	84.8629390181972
1819700.85860994	3928.5671818599194	84.9675965627241
1862087.13666282	4023.6279306588976	85.0688828379515
1905460.7179632	4121.17612401326	85.1668014879886
1949844.599758	4221.288741769455	85.2613507827428
1995262.31496883	4324.045920259216	85.3525233616068
2000000.0	4334.783380111503	85.3617218119469
